-29 64 399 525 12 0 
-30 5 121 299 8 0 
51 5 389 483 16 0 
-13 69 204 304 5 0 
-67 68 317 458 12 0 
48 6 160 257 5 0 
5 22 170 287 13 0 
-65 77 215 321 20 0 
-4 -1 80 233 13 0 
23 11 90 206 18 0 
25 6 397 525 7 0 
-42 -26 271 420 6 0 
-76 99 108 266 9 0 
-20 57 340 462 9 0 
-52 6 226 377 4 0 
-41 50 446 604 25 0 
-91 27 444 566 5 0 
-65 30 434 557 17 0 
18 96 319 460 3 0 
-40 83 192 312 16 0 
-37 -33 414 572 25 0 
23 29 371 462 21 0 
-43 20 378 472 14 0 
-35 -24 308 477 19 0 
-54 14 329 444 14 0 
-49 33 269 377 6 0 
57 23 398 494 16 0 
-22 55 257 416 9 0 
-56 73 198 294 20 0 
-38 -3 375 467 13 0 
-16 19 200 338 10 0 
-11 11 456 632 16 0 
-46 97 72 179 19 0 
16 9 182 282 22 0 
1 7 159 306 14 0 
-26 29 321 500 10 0 
4 14 322 430 11 0 
-50 -23 443 564 15 0 
-22 -9 207 348 13 0 
-71 -18 457 588 15 0 
-7 32 203 382 8 0 
11 -24 75 167 22 0 
-18 -23 459 598 24 0 
-11 11 174 332 3 0 
29 11 130 225 25 0 
12 -55 169 283 19 0 
-37 -21 115 232 21 0 
42 -2 414 531 10 0 
4 13 0 
21 17 0 
-36 49 0 
-31 0 0 
0 0 0 
8 200 0