33 30 410 539 4 0 
48 65 125 278 12 0 
86 59 256 378 3 0 
39 -33 382 504 15 0 
-23 86 422 539 13 0 
48 95 336 444 20 0 
-16 93 257 387 21 0 
-57 -65 81 231 4 0 
7 32 314 439 25 0 
42 68 345 505 21 0 
37 -2 143 253 7 0 
77 55 205 372 3 0 
-17 -56 417 591 9 0 
58 59 402 559 5 0 
57 15 114 285 20 0 
-22 36 376 549 21 0 
-7 30 298 434 19 0 
55 60 445 572 2 0 
-14 11 213 347 16 0 
-29 24 206 358 18 0 
43 0 161 257 24 0 
45 35 378 522 24 0 
64 2 228 368 8 0 
55 72 402 535 16 0 
16 15 103 228 19 0 
45 -3 314 446 12 0 
-76 5 387 508 9 0 
36 0 447 555 3 0 
29 8 143 310 15 0 
65 5 332 498 4 0 
42 -22 316 425 24 0 
25 31 444 606 22 0 
31 37 216 360 14 0 
66 -54 188 352 11 0 
46 -17 476 615 20 0 
65 40 375 473 5 0 
-2 24 100 197 11 0 
-40 3 234 396 12 0 
-73 57 171 343 7 0 
81 -25 152 326 1 0 
12 -7 140 319 23 0 
42 38 178 341 13 0 
3 -23 136 294 4 0 
-7 24 455 622 23 0 
35 -11 231 369 17 0 
52 9 322 446 13 0 
30 30 450 566 9 0 
41 77 162 334 10 0 
68 -40 439 540 22 0 
76 86 216 357 21 0 
63 78 70 243 13 0 
29 -9 436 537 25 0 
85 39 300 425 8 0 
31 3 210 347 20 0 
-20 19 104 279 3 0 
55 43 370 467 4 0 
35 10 169 316 13 0 
25 -0 424 548 18 0 
12 0 300 449 1 0 
18 20 137 233 10 0 
27 -15 422 564 16 0 
-3 19 95 230 9 0 
9 -41 107 272 13 0 
-20 38 299 433 23 0 
27 28 180 323 14 0 
59 42 222 322 5 0 
56 58 109 253 1 0 
-51 -0 237 392 6 0 
2 32 178 283 20 0 
15 -3 285 405 10 0 
66 34 457 606 19 0 
19 20 300 416 24 0 
-1 20 129 299 3 0 
-21 13 372 511 5 0 
98 1 95 260 13 0 
82 72 122 251 5 0 
30 -30 233 387 4 0 
33 41 306 411 12 0 
39 -8 129 234 11 0 
54 70 248 346 20 0 
3 10 106 251 13 0 
51 -16 410 570 1 0 
76 11 432 539 3 0 
5 0 350 455 2 0 
50 34 190 339 23 0 
-5 -2 110 257 8 0 
24 25 383 531 25 0 
33 37 324 442 18 0 
31 -7 158 285 4 0 
30 -28 272 413 5 0 
49 1 404 554 21 0 
-35 14 82 254 23 0 
-29 4 216 370 19 0 
19 41 442 553 2 0 
27 13 85 192 21 0 
52 50 124 269 10 0 
6 10 0 
32 44 0 
48 48 0 
33 -4 0 
0 0 0 
12 195 0