-55 -24 410 539 9 0 
-48 53 125 278 22 0 
-49 -38 256 378 10 0 
25 -18 382 504 24 0 
-24 -3 422 539 25 0 
24 -17 336 444 6 0 
-10 60 257 387 22 0 
38 -35 81 231 1 0 
-68 93 314 439 19 0 
-30 -57 345 505 19 0 
-37 -12 143 253 5 0 
-15 -47 205 372 9 0 
-63 -22 417 591 8 0 
-43 -43 402 559 14 0 
-25 13 114 285 4 0 
-2 16 376 549 7 0 
-41 -28 298 434 10 0 
2 12 445 572 22 0 
3 -47 213 347 17 0 
-83 26 206 358 10 0 
-6 26 161 257 8 0 
3 6 378 522 14 0 
-34 30 228 368 12 0 
15 -36 402 535 17 0 
12 5 103 228 19 0 
-48 -24 314 446 25 0 
-88 -10 387 508 25 0 
-29 0 447 555 6 0 
9 38 143 310 21 0 
1 92 332 498 3 0 
-79 15 316 425 19 0 
-30 40 444 606 16 0 
18 21 216 360 21 0 
45 -59 188 352 17 0 
-34 -3 476 615 19 0 
81 -74 375 473 6 0 
15 -28 100 197 10 0 
-72 29 234 396 22 0 
-42 -22 171 343 17 0 
-76 -57 152 326 16 0 
-28 12 140 319 5 0 
-61 26 178 341 1 0 
-8 12 136 294 21 0 
-61 33 455 622 20 0 
-34 -27 231 369 6 0 
10 -12 322 446 1 0 
-83 77 450 566 11 0 
-40 49 162 334 22 0 
83 33 439 540 25 0 
-20 -75 216 357 18 0 
15 -18 70 243 9 0 
-59 -65 436 537 23 0 
5 47 300 425 17 0 
46 14 210 347 4 0 
82 -1 104 279 1 0 
39 -38 370 467 14 0 
90 -83 169 316 11 0 
7 0 424 548 7 0 
18 40 300 449 21 0 
-80 58 137 233 3 0 
64 -62 422 564 18 0 
-43 -26 95 230 5 0 
-18 10 107 272 6 0 
-43 63 299 433 22 0 
11 26 180 323 13 0 
-6 38 222 322 17 0 
74 -34 109 253 5 0 
14 -0 237 392 7 0 
-94 -48 178 283 1 0 
15 -42 285 405 3 0 
-46 -16 457 606 10 0 
-0 -81 300 416 5 0 
-37 -42 129 299 1 0 
-3 -69 372 511 17 0 
34 -20 95 260 14 0 
45 51 122 251 4 0 
-31 88 233 387 10 0 
-13 -26 306 411 25 0 
12 -48 129 234 11 0 
-46 -38 248 346 16 0 
-29 35 106 251 25 0 
13 43 410 570 20 0 
38 -46 432 539 3 0 
-26 24 350 455 7 0 
90 -43 190 339 2 0 
-6 22 110 257 6 0 
-29 -28 383 531 14 0 
-56 -64 324 442 14 0 
-87 90 158 285 2 0 
-5 54 272 413 15 0 
-34 -27 404 554 22 0 
-16 16 82 254 4 0 
23 29 216 370 22 0 
-40 46 442 553 19 0 
-53 -21 85 192 5 0 
-17 37 124 269 10 0 
-37 56 242 411 4 0 
71 22 238 394 7 0 
-41 27 447 612 11 0 
14 -82 387 483 14 0 
30 -55 148 257 2 0 
-39 47 267 419 12 0 
-94 15 282 384 12 0 
-7 11 288 397 24 0 
28 -49 169 343 8 0 
-20 24 466 604 4 0 
-30 -18 418 521 25 0 
1 -20 411 571 6 0 
-31 -21 282 416 9 0 
-85 -28 80 202 23 0 
58 -63 367 494 15 0 
-15 -52 345 462 7 0 
-71 51 392 499 6 0 
-92 -6 94 184 5 0 
33 -49 386 506 12 0 
59 54 263 386 3 0 
30 -28 61 175 22 0 
-55 18 170 312 18 0 
-89 -39 124 296 16 0 
36 20 340 466 5 0 
-53 -56 273 391 1 0 
-31 32 130 253 8 0 
5 12 154 318 20 0 
-52 42 124 274 17 0 
47 -45 119 211 11 0 
30 9 150 245 8 0 
-45 -56 98 269 15 0 
10 13 367 525 16 0 
-32 -34 134 262 6 0 
-40 30 459 586 24 0 
-69 80 471 565 10 0 
-58 -29 194 319 4 0 
-36 -33 134 256 10 0 
-21 65 164 276 17 0 
22 -41 282 405 5 0 
-77 59 89 238 14 0 
-47 67 358 490 16 0 
-21 35 211 376 11 0 
-55 -31 456 624 25 0 
-85 88 219 358 4 0 
-3 -63 451 577 12 0 
-58 59 415 568 19 0 
-24 14 65 188 6 0 
-48 16 372 543 23 0 
-40 -24 0 
24 -27 0 
-45 41 0 
-11 15 0 
0 0 0 
16 190 0