-44 -55 206 382 11 0 
36 64 126 266 11 0 
-25 44 189 280 23 0 
-33 -73 472 650 16 0 
45 35 474 579 16 0 
14 -36 214 373 2 0 
-1 47 301 437 1 0 
2 -40 223 350 25 0 
22 1 220 331 24 0 
-28 5 472 563 14 0 
-48 94 225 327 6 0 
7 17 172 303 20 0 
4 27 151 288 10 0 
-13 28 433 562 11 0 
12 -11 478 614 2 0 
-36 23 340 431 22 0 
-4 -49 224 367 2 0 
1 -7 240 370 12 0 
-56 27 160 290 9 0 
-80 -77 214 383 21 0 
72 59 455 565 10 0 
-21 1 381 551 13 0 
-20 -62 154 317 25 0 
-48 6 239 354 9 0 
-5 61 200 331 19 0 
17 -47 336 435 22 0 
-16 8 171 304 4 0 
6 -27 122 249 4 0 
15 -34 115 227 7 0 
37 73 310 468 20 0 
-41 -43 164 259 17 0 
32 11 229 384 19 0 
-20 -20 78 195 12 0 
-35 19 191 343 2 0 
58 56 214 349 13 0 
-36 -6 192 294 24 0 
0 -46 199 335 22 0 
-19 38 339 476 17 0 
-47 20 153 296 19 0 
-79 -57 209 315 4 0 
5 -34 318 451 12 0 
34 -8 440 549 22 0 
18 -51 184 306 2 0 
-4 -44 386 557 19 0 
-14 -74 72 231 3 0 
19 77 188 317 5 0 
-50 17 407 522 22 0 
42 -79 245 400 6 0 
1 -29 385 485 9 0 
14 -3 137 306 8 0 
-26 -48 68 196 24 0 
-63 -5 71 178 15 0 
-54 7 72 204 16 0 
17 -34 177 300 9 0 
-98 34 339 467 1 0 
28 -8 307 443 18 0 
2 90 164 339 17 0 
-31 48 277 450 18 0 
-46 42 107 231 2 0 
27 58 278 373 25 0 
28 -28 407 554 21 0 
-26 11 123 273 19 0 
0 -26 322 466 10 0 
-50 7 425 575 2 0 
30 19 122 235 21 0 
-12 22 170 310 20 0 
22 -8 109 216 21 0 
8 2 78 251 2 0 
-19 0 477 634 6 0 
-4 31 338 435 2 0 
17 -0 166 308 12 0 
-2 42 429 534 12 0 
-16 68 203 355 5 0 
-1 42 119 278 5 0 
56 -44 450 620 8 0 
57 35 100 236 15 0 
-26 7 285 430 8 0 
7 -57 106 249 7 0 
-22 55 116 220 14 0 
19 38 107 258 18 0 
5 49 407 513 17 0 
15 6 317 429 5 0 
5 -31 132 267 6 0 
7 -28 167 319 9 0 
-75 4 179 290 24 0 
-43 -61 360 477 13 0 
-2 -62 173 269 5 0 
-18 -36 198 332 4 0 
20 21 103 262 22 0 
3 -19 168 280 24 0 
-20 18 296 469 25 0 
-0 -54 296 419 9 0 
-29 9 169 322 8 0 
5 -35 61 181 8 0 
27 48 245 408 25 0 
12 -42 454 574 7 0 
-51 41 295 434 24 0 
-29 4 119 248 16 0 
-18 -14 183 342 15 0 
7 -49 434 553 7 0 
-19 -32 82 175 17 0 
17 -52 135 283 9 0 
16 -62 311 454 14 0 
18 6 217 333 20 0 
-68 -64 410 542 6 0 
-13 20 143 306 17 0 
-44 63 233 347 23 0 
-6 71 195 300 14 0 
-51 25 143 241 19 0 
-0 59 268 445 21 0 
-64 83 154 257 6 0 
-11 -35 255 406 1 0 
-16 7 142 254 22 0 
19 -49 311 452 7 0 
-16 -2 137 238 14 0 
8 67 281 381 7 0 
30 24 289 419 25 0 
93 -20 329 478 17 0 
-9 -56 359 504 10 0 
-34 -63 398 566 23 0 
20 -5 448 562 22 0 
-3 89 115 288 3 0 
-18 45 261 387 14 0 
2 -30 112 287 14 0 
-28 56 329 439 2 0 
76 -29 100 241 2 0 
-90 10 376 506 21 0 
-35 46 121 232 10 0 
-48 43 343 468 10 0 
-40 26 302 399 5 0 
13 34 118 245 9 0 
-71 11 93 257 15 0 
-36 51 101 192 19 0 
-39 4 282 453 7 0 
-16 23 347 461 11 0 
10 -28 376 554 2 0 
-23 47 422 592 25 0 
-8 21 93 272 14 0 
-40 27 209 349 15 0 
-37 -41 85 193 12 0 
48 0 469 624 11 0 
-0 68 126 229 17 0 
-14 -33 435 591 4 0 
-1 -34 390 481 24 0 
-34 42 72 188 8 0 
8 -66 278 399 20 0 
-61 -51 80 189 12 0 
-1 9 402 553 10 0 
-16 66 120 254 12 0 
8 52 111 280 9 0 
-22 -36 133 262 16 0 
15 17 348 513 23 0 
9 -18 156 270 15 0 
-4 3 437 561 10 0 
8 40 156 304 21 0 
26 -33 294 465 2 0 
-32 39 344 477 16 0 
-32 -82 427 580 15 0 
-98 22 106 263 11 0 
-59 4 283 413 11 0 
7 -2 223 358 17 0 
-59 12 355 512 3 0 
-11 -31 225 389 9 0 
-16 -35 201 327 1 0 
21 18 147 313 13 0 
45 -61 285 381 1 0 
-48 25 245 399 2 0 
-32 -16 238 341 22 0 
12 -41 353 493 10 0 
-21 -77 182 311 4 0 
-17 -18 429 548 9 0 
48 93 229 362 11 0 
-18 49 195 334 3 0 
12 30 180 288 19 0 
3 -40 249 422 19 0 
17 37 424 556 4 0 
22 0 469 628 19 0 
-30 52 168 312 15 0 
33 -67 166 276 21 0 
5 1 310 412 25 0 
72 30 443 557 4 0 
-24 -34 367 540 3 0 
17 75 199 325 6 0 
10 -60 114 209 6 0 
-5 -48 77 178 21 0 
-19 21 400 533 25 0 
-46 -14 345 521 10 0 
-16 43 359 525 25 0 
14 -13 302 414 19 0 
-21 26 177 318 19 0 
39 -40 298 429 22 0 
52 30 323 457 5 0 
-0 7 0 
-23 48 0 
-26 16 0 
0 -35 0 
0 0 0 
20 185 0