65 -49 422 555 10 0 
-36 -36 128 256 25 0 
-2 18 122 271 18 0 
31 -35 141 286 16 0 
2 8 106 199 14 0 
31 43 92 212 7 0 
-36 -21 345 487 9 0 
52 35 366 470 16 0 
11 20 127 225 24 0 
-0 23 179 292 6 0 
43 -12 308 401 22 0 
6 19 139 234 11 0 
-6 25 306 406 19 0 
-27 -23 465 566 20 0 
33 -30 422 523 20 0 
63 -52 305 404 16 0 
-13 -43 151 301 5 0 
-0 -27 455 587 21 0 
59 -49 107 233 19 0 
27 -5 221 316 18 0 
70 -20 329 454 22 0 
35 -65 384 490 19 0 
-14 -42 79 175 15 0 
19 30 76 173 24 0 
-39 10 297 433 20 0 
-15 -40 358 514 17 0 
-28 -40 375 521 20 0 
27 9 218 364 12 0 
22 -9 87 235 23 0 
-0 -6 289 439 15 0 
10 75 432 603 19 0 
7 18 433 581 23 0 
48 -20 360 450 9 0 
-18 -29 194 333 21 0 
16 -6 373 503 17 0 
2 -30 429 536 6 0 
15 4 298 473 10 0 
60 89 445 557 9 0 
40 -45 134 248 19 0 
-26 -54 267 395 17 0 
69 72 76 254 22 0 
-22 46 281 426 8 0 
-14 -30 232 409 25 0 
76 12 317 492 13 0 
63 60 333 424 1 0 
-20 -81 474 608 15 0 
-41 -42 364 478 16 0 
79 -29 329 467 20 0 
-20 -7 330 429 14 0 
-4 -53 478 585 2 0 
39 -40 66 239 5 0 
-47 -77 126 239 16 0 
-1 49 264 403 12 0 
-0 -27 144 253 1 0 
31 -8 154 325 15 0 
-0 -20 244 419 5 0 
66 -26 159 273 9 0 
6 -64 130 263 8 0 
13 -20 334 434 2 0 
54 -6 420 514 10 0 
22 -34 392 544 25 0 
-9 4 151 316 24 0 
-11 -46 117 240 7 0 
-2 -0 131 298 14 0 
13 -44 64 237 3 0 
17 27 119 209 23 0 
2 -43 109 268 21 0 
-44 -38 340 441 13 0 
-59 1 356 476 15 0 
-13 -75 391 556 14 0 
-5 -51 295 430 7 0 
-9 -26 139 232 20 0 
19 29 277 412 6 0 
26 36 286 465 24 0 
43 -28 386 560 17 0 
-52 -35 78 221 3 0 
-8 -0 337 474 15 0 
89 62 325 416 6 0 
6 -16 103 206 21 0 
27 -5 386 500 25 0 
27 -15 288 445 18 0 
42 32 225 379 1 0 
25 12 252 415 19 0 
47 -12 404 513 17 0 
-3 -13 169 333 20 0 
12 -78 190 368 1 0 
-21 -3 383 516 13 0 
-3 -55 71 220 25 0 
53 84 469 571 16 0 
35 -47 64 236 5 0 
43 -18 187 292 18 0 
6 -54 90 253 17 0 
87 94 123 274 15 0 
39 -48 101 229 13 0 
-48 -26 406 535 15 0 
72 -9 364 458 2 0 
-37 3 347 456 1 0 
-65 -36 420 521 9 0 
-16 -35 339 491 16 0 
10 -4 61 203 6 0 
15 -5 437 603 18 0 
21 -18 423 567 24 0 
9 49 340 434 24 0 
94 -4 146 270 9 0 
10 -16 230 409 19 0 
-1 -0 239 338 12 0 
-6 25 467 591 22 0 
-6 10 400 539 13 0 
-17 -70 424 576 20 0 
-55 -43 457 599 25 0 
-9 23 360 529 1 0 
8 35 165 260 24 0 
-16 -0 312 430 10 0 
66 -37 108 210 22 0 
14 -23 308 479 14 0 
33 20 299 466 12 0 
66 -70 97 242 23 0 
-5 8 68 225 14 0 
-5 -46 175 292 23 0 
-8 55 457 577 25 0 
5 -3 202 312 5 0 
-25 -37 100 234 7 0 
-15 -24 368 547 25 0 
43 -11 101 210 11 0 
17 -25 119 246 18 0 
-39 54 471 568 18 0 
-24 -43 233 411 1 0 
-26 -12 296 451 7 0 
34 -38 133 255 22 0 
-47 -29 146 303 7 0 
49 -25 185 345 3 0 
3 -16 413 526 18 0 
22 -23 67 216 8 0 
-37 -29 400 541 6 0 
25 3 413 517 7 0 
-15 3 242 359 20 0 
-12 -7 66 184 10 0 
-22 26 395 498 2 0 
-17 7 382 494 3 0 
-21 14 370 537 10 0 
3 -19 66 161 5 0 
32 -14 257 401 25 0 
-5 -28 385 483 23 0 
-6 -39 409 510 21 0 
-2 12 62 154 13 0 
-6 8 330 423 1 0 
-37 -36 91 227 11 0 
10 -18 105 249 6 0 
50 8 309 475 9 0 
46 4 374 491 17 0 
19 -10 408 533 13 0 
-38 52 409 553 23 0 
-0 -21 225 325 19 0 
40 -33 388 494 11 0 
-0 -62 257 371 12 0 
-9 26 274 371 18 0 
34 -23 169 274 25 0 
29 -24 126 300 13 0 
16 -58 427 552 24 0 
61 -15 143 311 5 0 
40 -9 233 352 14 0 
0 -4 233 340 18 0 
-8 -43 236 336 25 0 
-7 -57 325 442 11 0 
7 -21 244 372 18 0 
3 7 396 510 23 0 
-15 92 447 590 22 0 
84 -24 169 274 20 0 
-52 30 125 288 11 0 
7 13 380 545 11 0 
-21 30 250 428 19 0 
36 29 125 223 13 0 
12 -40 209 357 24 0 
-17 -10 165 341 6 0 
-10 12 61 234 5 0 
-15 -59 387 496 24 0 
29 -2 244 388 7 0 
-12 -58 464 597 13 0 
-17 -35 84 215 25 0 
57 -50 328 452 15 0 
26 17 437 611 15 0 
-6 -8 234 405 16 0 
16 -16 70 180 5 0 
83 -32 405 545 15 0 
12 34 352 525 24 0 
15 67 448 577 15 0 
25 -5 289 396 9 0 
13 -14 222 374 19 0 
48 -5 272 428 15 0 
13 19 239 386 2 0 
-18 65 342 482 3 0 
17 38 332 510 18 0 
37 -16 412 554 20 0 
47 -30 149 265 14 0 
38 36 450 562 10 0 
-16 -42 197 325 6 0 
28 -1 74 191 17 0 
-5 -1 271 425 20 0 
60 63 167 311 3 0 
63 -47 302 469 14 0 
-15 -23 116 236 12 0 
-2 0 447 572 2 0 
32 -10 396 532 11 0 
-18 -25 432 547 16 0 
-3 25 326 417 18 0 
10 22 410 504 14 0 
1 -3 317 408 6 0 
-25 -12 420 561 12 0 
56 -75 97 213 21 0 
13 -36 292 389 1 0 
32 -29 143 237 18 0 
4 -7 421 567 17 0 
11 -8 322 482 15 0 
17 -24 246 365 4 0 
-33 -41 461 626 18 0 
-32 -50 294 457 22 0 
23 -14 189 301 16 0 
-21 -39 430 538 14 0 
32 77 264 394 25 0 
13 -76 186 353 15 0 
-8 -21 218 344 6 0 
25 46 95 216 7 0 
49 -54 384 550 21 0 
63 -8 238 330 3 0 
2 -5 221 321 15 0 
52 29 412 538 24 0 
9 -16 159 272 2 0 
34 -96 218 378 17 0 
-21 -41 133 310 2 0 
28 10 97 225 25 0 
16 -22 346 520 15 0 
-36 -34 382 538 3 0 
-27 -50 382 492 1 0 
-53 11 224 359 1 0 
26 -5 99 216 20 0 
-31 34 167 257 19 0 
-14 -31 101 207 2 0 
-4 -30 170 330 9 0 
-18 -29 195 328 4 0 
-17 -19 199 373 16 0 
34 -17 0 
0 -8 0 
3 13 0 
-3 -29 0 
0 0 0 
24 180 0