-66 -37 218 308 19 0 
2 -35 129 244 21 0 
38 8 475 593 17 0 
62 20 230 341 6 0 
60 -6 159 330 6 0 
-98 -39 390 561 19 0 
8 -81 389 538 17 0 
-14 26 89 260 19 0 
-34 -76 454 628 2 0 
55 -33 306 441 3 0 
15 8 391 565 24 0 
-63 -20 106 254 5 0 
-9 -42 460 613 9 0 
-53 3 76 240 20 0 
53 -3 366 523 19 0 
-22 -32 270 377 20 0 
39 -1 78 235 4 0 
16 -22 251 385 3 0 
-51 -13 475 597 2 0 
-29 14 229 340 23 0 
-70 -27 203 342 6 0 
-75 -30 388 521 17 0 
10 -28 425 544 17 0 
86 -45 333 503 3 0 
3 34 394 535 16 0 
-37 -42 380 503 15 0 
69 1 160 318 23 0 
-13 1 313 479 15 0 
-27 -38 60 154 12 0 
-69 -14 267 409 19 0 
58 29 281 438 23 0 
58 31 217 358 10 0 
-62 -16 222 375 23 0 
-66 13 197 324 22 0 
68 -12 111 237 4 0 
-30 -41 247 358 5 0 
-55 -51 397 522 1 0 
36 -2 130 308 11 0 
-1 5 116 291 20 0 
10 -23 324 473 25 0 
-7 36 255 388 18 0 
-90 61 123 214 4 0 
46 65 281 422 10 0 
13 31 247 426 17 0 
-73 -28 173 285 7 0 
-41 -37 341 481 4 0 
-60 -27 322 436 3 0 
38 54 413 534 12 0 
26 11 275 374 13 0 
10 -48 399 534 24 0 
52 -28 64 192 16 0 
-43 -39 182 301 2 0 
49 11 456 602 7 0 
45 4 111 206 15 0 
-25 -15 389 513 12 0 
65 -59 180 304 15 0 
12 -34 154 296 17 0 
12 -16 403 495 16 0 
0 69 141 306 1 0 
-8 7 141 234 9 0 
41 -35 377 534 4 0 
11 -34 179 270 3 0 
-1 -58 333 434 1 0 
6 -31 258 351 4 0 
1 -32 426 569 6 0 
29 -6 67 198 1 0 
23 10 108 230 19 0 
-65 40 181 299 1 0 
-10 26 235 407 2 0 
58 67 444 586 25 0 
90 9 424 553 4 0 
-6 15 269 441 4 0 
-2 -42 351 468 13 0 
-37 -7 453 562 18 0 
44 -11 322 501 9 0 
-58 -2 476 625 5 0 
-3 10 390 518 12 0 
-41 -1 125 254 22 0 
58 27 90 192 9 0 
-63 26 244 411 11 0 
-56 -15 169 287 6 0 
22 -27 132 238 19 0 
-1 -14 371 472 10 0 
-57 -10 221 377 1 0 
80 6 159 285 10 0 
2 10 440 588 20 0 
-37 -7 174 344 18 0 
-33 -26 365 530 1 0 
95 24 414 549 11 0 
-13 29 381 523 20 0 
-53 9 79 206 12 0 
67 13 304 417 17 0 
-83 -53 76 226 16 0 
30 -72 140 277 3 0 
-22 -20 146 240 14 0 
3 -35 274 433 12 0 
-20 -43 400 569 9 0 
-47 -21 301 465 1 0 
-20 -13 76 222 7 0 
34 3 108 274 7 0 
20 -11 372 522 5 0 
-46 -22 290 430 9 0 
-39 25 368 503 15 0 
-1 50 76 207 4 0 
-28 23 471 608 10 0 
-52 -16 335 459 21 0 
-3 -22 281 416 2 0 
-62 -26 185 358 6 0 
25 0 285 401 1 0 
-29 72 225 333 23 0 
26 1 146 290 24 0 
-9 35 76 204 16 0 
-7 -42 62 185 18 0 
28 -7 324 477 1 0 
47 36 479 631 1 0 
-53 5 317 460 21 0 
17 13 325 486 8 0 
6 -2 227 392 22 0 
-17 97 411 501 23 0 
22 26 95 258 11 0 
-73 -13 377 483 15 0 
-64 -4 85 180 14 0 
-34 -43 474 615 16 0 
-92 -4 90 224 25 0 
0 -8 328 473 12 0 
5 -37 421 564 9 0 
-19 -14 91 227 20 0 
-71 -11 470 579 22 0 
-45 -28 342 461 13 0 
-28 -23 409 535 24 0 
-16 30 252 356 13 0 
-83 -20 313 464 4 0 
-12 -20 454 571 22 0 
-7 -63 99 210 18 0 
34 -8 478 573 25 0 
-4 73 109 255 19 0 
-36 -3 130 287 8 0 
-28 -21 277 393 13 0 
-56 -15 136 311 1 0 
-11 42 236 372 1 0 
-63 -62 84 209 5 0 
29 79 388 482 2 0 
-65 -0 335 465 22 0 
46 -20 427 538 3 0 
1 -16 471 629 2 0 
40 -1 382 536 6 0 
-15 42 101 264 19 0 
33 -16 229 365 5 0 
-72 13 78 187 25 0 
-24 5 216 370 9 0 
-6 -30 262 382 20 0 
31 21 469 591 11 0 
20 0 294 471 18 0 
-67 -41 339 517 25 0 
22 -40 359 528 22 0 
31 2 254 367 25 0 
74 30 413 581 14 0 
60 81 244 348 21 0 
-60 24 328 422 1 0 
1 17 424 541 9 0 
-80 -38 243 346 2 0 
-49 -36 110 256 2 0 
-60 -27 246 373 4 0 
-78 -44 449 558 15 0 
54 -9 341 431 11 0 
-42 -26 87 218 15 0 
-57 -16 230 362 15 0 
-1 -13 101 209 16 0 
-24 39 316 412 14 0 
17 -40 157 268 25 0 
59 -3 71 218 9 0 
-3 6 441 593 23 0 
40 8 223 380 16 0 
-1 -54 149 302 10 0 
-36 -17 292 465 4 0 
7 -4 349 525 25 0 
30 -6 439 568 20 0 
-26 -63 340 462 5 0 
28 -0 422 573 19 0 
2 5 346 492 2 0 
3 -21 431 574 13 0 
-64 -10 102 270 19 0 
18 -41 361 456 2 0 
29 12 276 370 16 0 
4 26 207 362 2 0 
25 29 76 200 6 0 
57 -15 233 360 3 0 
-11 -19 85 222 20 0 
-45 -71 242 352 13 0 
2 -3 301 454 9 0 
-1 -24 386 535 5 0 
-59 -48 341 472 15 0 
70 -17 301 397 22 0 
-4 28 176 299 18 0 
-46 -23 297 416 21 0 
-49 -35 382 500 16 0 
-67 8 100 228 22 0 
31 -18 266 408 23 0 
-42 -52 152 300 1 0 
-15 18 416 552 1 0 
-78 -24 124 223 13 0 
51 -9 62 240 14 0 
29 -31 62 189 18 0 
46 1 403 510 5 0 
-52 31 87 261 24 0 
10 -61 96 220 11 0 
-15 -56 281 443 5 0 
-7 -54 364 525 1 0 
11 -20 60 232 21 0 
-24 -23 443 561 6 0 
2 -20 314 405 6 0 
-82 24 429 569 5 0 
-12 42 86 208 23 0 
-98 -36 208 335 16 0 
-61 -13 290 450 18 0 
-39 6 193 367 10 0 
41 7 368 532 9 0 
4 19 118 279 18 0 
-34 -37 389 547 22 0 
-4 23 340 504 24 0 
37 -1 356 535 15 0 
78 15 232 339 6 0 
-8 -25 425 593 12 0 
10 37 216 363 19 0 
-42 -46 86 206 19 0 
92 -94 326 421 17 0 
32 -39 432 555 22 0 
-55 -15 187 308 25 0 
-26 -21 429 586 11 0 
-75 -0 433 561 23 0 
34 12 141 317 10 0 
-2 -20 368 491 17 0 
53 13 123 300 6 0 
-14 -40 289 452 20 0 
67 5 297 440 6 0 
-13 -26 352 467 4 0 
4 -32 112 290 25 0 
-26 -33 185 347 7 0 
31 -45 358 478 11 0 
96 26 362 489 14 0 
-44 -37 478 582 14 0 
33 11 308 461 15 0 
-35 19 122 212 2 0 
-14 -74 446 573 14 0 
37 -0 477 603 17 0 
-51 -26 229 401 24 0 
23 5 261 409 10 0 
-18 53 270 413 20 0 
-11 -17 399 498 11 0 
-7 -35 238 349 16 0 
3 26 67 245 3 0 
-46 -22 305 406 11 0 
-2 -0 244 419 10 0 
32 17 310 409 18 0 
32 13 396 547 20 0 
-6 29 256 368 24 0 
77 -25 217 367 16 0 
30 65 71 213 2 0 
-43 -43 471 605 14 0 
49 16 147 254 10 0 
-28 -0 137 284 22 0 
40 16 179 301 14 0 
22 40 305 421 15 0 
-1 6 319 416 7 0 
-1 16 249 362 20 0 
8 41 87 222 1 0 
-44 -22 332 422 24 0 
12 -11 313 464 22 0 
33 15 103 231 23 0 
-34 -15 163 269 20 0 
-96 -19 368 485 15 0 
38 -5 443 534 14 0 
-25 0 109 257 12 0 
0 -31 178 287 4 0 
-24 95 400 522 15 0 
-4 35 159 324 12 0 
-6 1 306 411 8 0 
-70 -3 68 200 2 0 
-32 -16 277 394 24 0 
42 -21 343 438 5 0 
5 6 131 305 8 0 
36 -4 419 531 21 0 
49 27 399 548 5 0 
45 10 318 493 16 0 
7 14 447 573 8 0 
-60 18 176 300 24 0 
-64 8 458 602 23 0 
37 -14 457 570 6 0 
2 7 0 
32 -1 0 
-49 -17 0 
3 -26 0 
0 0 0 
28 175 0