-92 -59 218 308 20 0 
71 12 129 244 6 0 
31 66 475 593 19 0 
-4 25 230 341 10 0 
-30 67 159 330 18 0 
12 -57 390 561 1 0 
-32 -20 389 538 15 0 
19 48 89 260 23 0 
13 -19 454 628 13 0 
54 -41 306 441 12 0 
15 -25 391 565 7 0 
-50 -16 106 254 25 0 
-29 17 460 613 5 0 
17 1 76 240 1 0 
11 77 366 523 25 0 
33 71 270 377 10 0 
-56 -10 78 235 2 0 
57 -16 251 385 7 0 
10 -18 475 597 11 0 
53 -18 229 340 4 0 
1 7 203 342 6 0 
31 48 388 521 15 0 
-66 -37 425 544 7 0 
-70 62 333 503 8 0 
32 23 394 535 10 0 
-51 -36 380 503 9 0 
36 -22 160 318 4 0 
-31 43 313 479 6 0 
-10 34 60 154 22 0 
14 -10 267 409 17 0 
47 -21 281 438 9 0 
43 34 217 358 25 0 
53 -67 222 375 10 0 
26 46 197 324 18 0 
63 11 111 237 21 0 
47 -5 247 358 10 0 
-16 -11 397 522 23 0 
78 17 130 308 23 0 
79 22 116 291 11 0 
12 16 324 473 1 0 
-67 -3 255 388 23 0 
9 -18 123 214 16 0 
-35 -19 281 422 10 0 
28 45 247 426 12 0 
11 68 173 285 12 0 
-22 45 341 481 3 0 
-65 -23 322 436 22 0 
7 1 413 534 21 0 
-29 -11 275 374 13 0 
-89 16 399 534 15 0 
-46 -3 64 192 13 0 
-14 30 182 301 20 0 
-17 49 456 602 10 0 
31 53 111 206 25 0 
-3 13 389 513 7 0 
33 58 180 304 15 0 
-92 63 154 296 2 0 
-9 -22 403 495 23 0 
-39 6 141 306 5 0 
28 -19 141 234 25 0 
-28 -3 377 534 9 0 
31 36 179 270 2 0 
-49 60 333 434 24 0 
-72 -27 258 351 13 0 
60 -45 426 569 20 0 
10 -3 67 198 13 0 
25 7 108 230 15 0 
-46 -17 181 299 4 0 
16 33 235 407 20 0 
25 -11 444 586 8 0 
68 -5 424 553 19 0 
-13 62 269 441 20 0 
42 -8 0 
-42 -14 0 
16 40 0 
-14 29 0 
16 -3 0 
46 12 0 
0 0 0 
12 200 0