-40 -42 434 571 20 0 
-64 -17 131 233 10 0 
5 -14 408 585 8 0 
72 20 319 486 6 0 
2 -15 211 371 1 0 
-24 -72 268 399 19 0 
-13 66 433 588 13 0 
33 13 232 380 24 0 
66 -30 361 521 15 0 
19 35 433 590 13 0 
-27 32 474 639 10 0 
51 -16 73 185 4 0 
-19 23 194 310 12 0 
-46 -52 107 243 21 0 
-10 -16 310 432 2 0 
35 12 234 349 10 0 
-37 12 424 587 20 0 
82 25 466 603 9 0 
8 -3 422 541 24 0 
-56 25 236 364 19 0 
-52 -40 76 229 13 0 
39 12 391 550 14 0 
19 21 350 491 17 0 
-23 -12 170 322 25 0 
15 52 71 217 1 0 
58 -7 403 582 9 0 
-33 72 364 535 12 0 
2 46 408 503 22 0 
-18 73 452 581 2 0 
-67 -20 246 379 21 0 
-76 -11 129 272 8 0 
-24 -38 422 556 19 0 
-20 -31 84 211 24 0 
9 39 200 314 24 0 
26 35 269 391 2 0 
-57 -45 64 180 20 0 
1 -62 76 240 20 0 
34 13 236 389 5 0 
-22 45 98 244 17 0 
-5 44 382 553 4 0 
-38 -23 433 610 21 0 
28 33 384 511 3 0 
-35 -5 329 435 16 0 
-19 13 178 271 14 0 
-9 -30 434 568 6 0 
-22 -17 207 352 5 0 
-22 36 279 392 12 0 
-61 -18 76 180 23 0 
50 -66 220 318 12 0 
25 24 320 483 18 0 
65 42 62 234 24 0 
-60 -47 237 362 3 0 
-9 42 227 380 3 0 
-19 4 79 250 25 0 
-54 -3 204 371 22 0 
-25 -18 117 280 25 0 
-18 84 148 319 15 0 
-70 -39 257 399 18 0 
-14 -0 368 509 8 0 
-76 -38 283 375 20 0 
44 12 362 524 18 0 
-22 -50 207 313 5 0 
19 44 128 298 25 0 
-44 -39 384 493 16 0 
-2 -4 368 481 14 0 
-24 35 436 607 1 0 
-61 -73 108 282 15 0 
-5 -26 442 578 22 0 
45 -36 115 250 6 0 
-51 -79 77 197 24 0 
-33 10 132 254 19 0 
-25 -0 398 558 12 0 
-21 61 426 525 13 0 
2 26 200 329 10 0 
-26 14 258 351 12 0 
-37 -44 455 611 13 0 
-0 -16 442 562 25 0 
-51 34 345 512 12 0 
-41 -76 77 178 2 0 
-30 74 103 233 11 0 
-46 -1 469 638 10 0 
-71 73 459 608 9 0 
-46 -39 71 201 21 0 
-30 67 458 571 14 0 
-40 -43 148 326 15 0 
-74 -52 270 388 6 0 
-17 -71 384 501 25 0 
2 -81 239 330 14 0 
-85 -54 359 527 17 0 
23 10 277 390 8 0 
-24 -31 390 540 4 0 
-42 -15 98 251 17 0 
-33 50 450 599 23 0 
-81 -41 179 325 4 0 
-73 -48 307 457 4 0 
-3 70 183 317 9 0 
0 25 452 592 9 0 
-54 13 182 318 19 0 
-30 7 232 371 12 0 
-68 -34 155 254 25 0 
7 57 306 439 8 0 
4 48 158 293 13 0 
58 26 397 573 3 0 
18 34 425 564 6 0 
-44 -61 292 386 11 0 
5 26 432 581 24 0 
-48 -36 96 242 16 0 
-3 -27 390 507 21 0 
9 36 146 316 25 0 
59 1 414 577 10 0 
-47 19 353 473 2 0 
-48 -50 406 568 13 0 
44 20 232 361 14 0 
-19 32 121 235 19 0 
-15 17 230 363 16 0 
-91 77 335 455 23 0 
-30 -78 133 309 13 0 
73 32 386 558 24 0 
22 -60 226 378 17 0 
61 -13 154 269 8 0 
22 -50 131 233 12 0 
-6 56 70 216 6 0 
-20 12 161 265 20 0 
-61 -44 78 237 20 0 
-9 -19 118 280 24 0 
5 -88 372 470 10 0 
-2 22 369 464 18 0 
40 32 225 378 10 0 
-3 36 132 248 15 0 
-50 19 252 348 12 0 
-70 -3 319 456 22 0 
4 0 212 312 11 0 
9 26 421 596 14 0 
13 -21 217 387 9 0 
-21 -18 123 299 6 0 
-37 -30 395 570 23 0 
-86 10 194 299 8 0 
-47 -46 160 290 22 0 
4 -19 309 456 7 0 
4 30 102 207 15 0 
-42 53 102 256 22 0 
35 -10 99 234 7 0 
61 -59 285 448 14 0 
-34 -1 445 566 21 0 
-3 44 0 
14 21 0 
-23 -28 0 
10 1 0 
-49 -43 0 
-21 4 0 
0 0 0 
18 190 0