-41 -66 229 323 3 0 
34 -59 133 223 16 0 
20 -52 342 488 8 0 
-38 -37 409 542 15 0 
41 22 264 412 12 0 
-54 -53 146 238 13 0 
8 80 477 638 8 0 
81 13 374 499 24 0 
14 -2 267 413 14 0 
-52 60 141 319 17 0 
-57 -34 137 293 8 0 
-65 -40 460 626 11 0 
-19 -10 348 517 8 0 
-26 -87 138 247 17 0 
3 -88 254 431 19 0 
34 32 199 322 13 0 
80 5 351 521 2 0 
-39 -67 261 400 8 0 
14 11 369 484 21 0 
-20 -80 243 387 13 0 
48 47 370 538 17 0 
59 -31 394 489 4 0 
-13 -45 276 440 22 0 
32 -32 427 561 24 0 
2 50 168 319 11 0 
-66 -34 425 571 6 0 
-13 18 148 241 19 0 
-59 12 84 198 11 0 
-5 -18 424 589 23 0 
-22 -21 224 349 4 0 
58 46 397 526 5 0 
-49 -76 206 333 16 0 
-4 43 366 466 2 0 
68 -19 203 305 13 0 
37 63 428 546 11 0 
1 -26 301 421 9 0 
-37 1 175 288 18 0 
-40 8 341 470 7 0 
-8 -38 80 196 24 0 
-36 25 439 542 5 0 
-47 -50 191 323 2 0 
22 -28 226 389 5 0 
-36 -48 377 538 5 0 
75 -13 109 206 3 0 
-64 -13 275 430 13 0 
1 29 74 224 2 0 
-1 -35 237 349 10 0 
46 6 160 336 12 0 
82 27 165 262 24 0 
74 19 241 342 21 0 
47 9 60 187 18 0 
-62 -21 292 423 5 0 
9 20 419 579 15 0 
-3 21 466 623 11 0 
-75 13 439 559 7 0 
10 -63 474 586 3 0 
71 26 143 253 17 0 
18 -38 110 211 14 0 
-10 -31 175 291 14 0 
8 -91 424 515 7 0 
72 -38 347 514 12 0 
-30 38 235 357 5 0 
-56 -5 343 492 11 0 
-8 -37 91 216 17 0 
15 13 310 483 3 0 
-60 24 384 505 7 0 
-13 -27 108 245 13 0 
-34 -22 284 438 20 0 
69 83 414 512 13 0 
-44 30 130 227 4 0 
48 3 261 376 3 0 
-15 51 108 257 24 0 
36 26 80 252 23 0 
59 24 367 516 21 0 
55 6 193 291 23 0 
39 48 433 596 10 0 
-48 -71 75 187 21 0 
-2 -62 144 259 24 0 
9 -41 64 164 9 0 
-54 -18 382 476 22 0 
10 -7 350 481 3 0 
-69 -50 366 467 6 0 
-40 -7 191 349 11 0 
62 43 275 435 10 0 
29 63 138 278 15 0 
-12 -21 100 278 9 0 
14 28 174 329 20 0 
-63 -60 112 218 19 0 
33 -0 304 414 19 0 
-12 14 174 347 19 0 
-89 51 282 454 20 0 
-0 41 313 416 1 0 
80 32 404 551 15 0 
-53 -14 219 374 18 0 
-53 -64 467 582 2 0 
73 10 93 202 25 0 
59 13 85 195 20 0 
-37 6 63 171 18 0 
-53 21 389 522 8 0 
-36 18 202 324 3 0 
-4 -13 241 358 2 0 
53 36 446 577 15 0 
48 -66 426 554 21 0 
-46 -20 354 500 6 0 
-15 -40 112 254 24 0 
-73 -9 108 283 19 0 
92 45 330 486 23 0 
33 28 175 326 16 0 
47 24 427 561 16 0 
-6 -30 182 310 9 0 
12 23 139 235 1 0 
-61 26 316 422 10 0 
23 9 403 537 14 0 
49 6 338 504 11 0 
-53 -21 401 514 4 0 
54 2 353 449 23 0 
4 -69 362 464 23 0 
33 45 125 215 22 0 
-32 -23 462 587 11 0 
-17 -46 212 369 14 0 
31 33 306 404 12 0 
45 22 475 582 13 0 
-5 -23 268 425 11 0 
-51 -46 67 161 9 0 
11 11 328 418 6 0 
-39 -13 322 466 25 0 
27 29 227 370 21 0 
33 66 399 506 13 0 
-91 29 342 455 23 0 
-24 -68 95 251 8 0 
44 20 387 557 7 0 
45 -21 112 251 8 0 
-37 -12 388 532 9 0 
41 0 335 475 2 0 
-42 -30 188 354 24 0 
34 -4 261 374 7 0 
-65 -43 258 401 23 0 
20 -4 462 606 21 0 
-36 -8 62 181 12 0 
-26 -19 388 553 23 0 
-31 -83 119 213 18 0 
-26 12 230 405 5 0 
-39 -58 235 340 15 0 
-34 0 463 594 11 0 
43 4 449 558 8 0 
-38 -9 66 163 2 0 
-25 -99 123 249 6 0 
48 29 476 597 23 0 
-43 -32 456 631 9 0 
-16 -29 320 458 1 0 
-29 -12 391 503 12 0 
-51 -28 171 340 17 0 
-1 -18 432 582 2 0 
18 21 242 384 5 0 
60 7 141 241 1 0 
43 42 214 358 20 0 
-39 -5 63 175 19 0 
-35 -16 62 206 13 0 
-41 38 130 252 10 0 
84 29 145 249 9 0 
-17 -10 263 423 14 0 
-48 -48 285 419 4 0 
-49 -17 268 447 20 0 
16 -2 277 370 17 0 
65 14 114 218 19 0 
-2 13 310 476 19 0 
-18 -23 215 326 16 0 
-91 -80 384 497 4 0 
-21 -13 278 420 1 0 
46 17 132 224 21 0 
-61 -33 132 307 9 0 
-9 -25 234 404 2 0 
33 -7 251 426 24 0 
-25 -10 118 226 1 0 
36 -2 335 509 21 0 
7 24 275 404 13 0 
-43 -30 408 507 15 0 
-21 0 92 192 4 0 
19 10 258 360 10 0 
-6 -29 383 484 19 0 
54 8 418 591 1 0 
64 77 256 420 25 0 
40 1 103 256 3 0 
-41 -5 438 532 21 0 
74 -19 337 457 7 0 
-73 -54 172 287 18 0 
29 15 122 291 3 0 
23 12 231 340 1 0 
42 45 183 291 2 0 
-16 -16 424 589 8 0 
-14 -0 474 642 10 0 
-19 8 358 486 19 0 
-30 14 80 173 17 0 
-63 -67 230 367 19 0 
86 38 409 543 24 0 
79 -24 333 431 24 0 
35 14 152 301 6 0 
-49 -9 256 373 2 0 
-49 -17 120 276 7 0 
57 16 225 389 10 0 
54 12 140 289 13 0 
-53 -33 130 235 20 0 
-0 16 235 342 1 0 
21 16 345 436 17 0 
-46 -49 449 608 17 0 
18 19 309 404 16 0 
35 19 211 336 9 0 
71 29 252 361 25 0 
-56 -42 405 510 1 0 
-25 25 326 484 23 0 
-5 33 238 413 10 0 
54 -5 444 570 15 0 
-63 27 452 587 25 0 
-16 -49 131 273 25 0 
47 13 368 516 16 0 
-10 -2 412 518 1 0 
-15 -23 0 
38 22 0 
-41 -35 0 
-29 -4 0 
49 11 0 
21 14 0 
0 0 0 
24 180 0