12 1 241 338 10 0 
18 1 136 290 21 0 
57 -48 208 382 8 0 
-52 -84 167 322 23 0 
60 -32 369 493 10 0 
23 4 322 426 9 0 
25 22 145 319 21 0 
25 -52 240 410 16 0 
-49 -41 81 199 21 0 
-37 -41 395 527 3 0 
-14 48 303 442 24 0 
41 -24 394 488 2 0 
-21 0 237 332 4 0 
-48 -16 201 344 18 0 
-7 44 142 249 5 0 
20 10 128 266 13 0 
-29 -46 204 298 13 0 
-20 -59 272 415 14 0 
-87 -52 263 370 10 0 
3 -6 258 434 3 0 
11 5 118 224 1 0 
-24 -55 400 548 11 0 
-22 5 127 247 16 0 
-51 9 101 199 6 0 
12 -40 362 524 18 0 
-30 7 469 639 11 0 
37 0 137 255 15 0 
2 -8 274 427 17 0 
0 3 368 514 17 0 
-52 9 182 291 1 0 
33 -48 93 193 1 0 
-13 -53 195 308 18 0 
-99 23 90 226 3 0 
6 -3 209 376 21 0 
-14 -19 324 433 22 0 
-24 16 355 484 14 0 
-10 -81 373 475 4 0 
35 5 132 301 17 0 
-11 42 464 612 16 0 
-34 -15 134 280 8 0 
66 1 128 259 14 0 
6 -1 329 473 23 0 
1 -2 473 563 1 0 
37 11 390 495 21 0 
51 -26 376 484 10 0 
19 -10 226 386 19 0 
-37 -6 151 262 6 0 
-56 -42 328 470 4 0 
1 -14 476 572 18 0 
-56 -3 83 240 23 0 
-23 -15 477 604 25 0 
-34 -1 403 547 17 0 
-64 63 383 557 11 0 
-47 -20 400 529 20 0 
-33 8 69 185 9 0 
34 26 347 447 23 0 
-38 42 133 300 14 0 
-92 44 236 346 7 0 
23 27 209 366 15 0 
-67 -67 287 377 22 0 
25 -25 316 492 4 0 
-40 -16 291 444 14 0 
77 -6 353 459 24 0 
-54 -1 344 502 13 0 
-53 -29 194 307 9 0 
16 -27 281 393 3 0 
-59 36 108 259 23 0 
34 25 386 485 2 0 
-9 -6 172 285 23 0 
-85 -20 236 378 8 0 
29 18 99 201 23 0 
27 6 367 493 13 0 
42 -25 228 365 25 0 
82 85 281 380 25 0 
-47 -35 65 172 20 0 
22 -20 389 565 9 0 
-55 -33 180 275 15 0 
62 -1 163 265 4 0 
25 -3 458 555 1 0 
-43 -7 100 210 7 0 
60 52 112 255 12 0 
-96 34 181 276 5 0 
-32 -3 430 554 8 0 
-47 -45 330 494 1 0 
-31 -93 117 272 24 0 
-17 -21 179 298 23 0 
-8 -2 175 314 12 0 
35 13 280 418 2 0 
29 54 195 371 22 0 
48 -8 386 500 3 0 
-2 27 65 192 12 0 
-16 -55 321 414 16 0 
-40 -47 311 455 8 0 
-12 -2 298 471 25 0 
-51 7 368 504 6 0 
-32 23 333 482 24 0 
13 -34 190 330 16 0 
-35 -23 245 388 7 0 
91 5 282 402 9 0 
-28 -34 297 465 23 0 
33 27 110 284 24 0 
98 31 182 305 19 0 
-57 -27 63 183 9 0 
-43 13 212 373 10 0 
37 49 173 320 23 0 
-3 7 301 437 2 0 
-98 61 379 557 5 0 
-23 -32 165 294 25 0 
22 -18 149 302 17 0 
43 -2 140 289 23 0 
71 11 132 270 23 0 
-43 -38 137 311 13 0 
-83 2 323 469 2 0 
11 -40 351 529 24 0 
27 -13 323 487 22 0 
-86 -59 390 530 20 0 
-22 -78 398 531 15 0 
-38 -33 443 548 12 0 
-1 -28 93 253 17 0 
81 -44 329 480 21 0 
51 19 235 414 10 0 
-34 -27 445 563 4 0 
-51 -23 61 233 21 0 
-0 -46 464 607 3 0 
68 -66 327 452 17 0 
-15 -25 223 369 19 0 
22 -34 362 512 10 0 
36 -10 328 433 21 0 
-23 -47 341 448 21 0 
-14 32 202 298 6 0 
16 -12 101 248 8 0 
93 23 331 457 8 0 
40 -24 321 491 13 0 
5 -4 151 320 7 0 
-78 1 319 467 11 0 
51 -45 414 585 18 0 
49 -30 386 516 10 0 
-62 -21 227 398 25 0 
-5 7 408 562 7 0 
1 -70 120 223 17 0 
1 -3 155 308 20 0 
-15 16 72 238 18 0 
-31 -60 135 305 21 0 
-46 -55 80 231 14 0 
2 5 428 579 2 0 
-30 -0 170 299 18 0 
-16 17 145 324 10 0 
52 29 303 409 5 0 
-11 -83 414 564 15 0 
41 43 425 548 17 0 
8 -2 100 204 12 0 
31 -8 292 418 14 0 
-3 -36 150 272 3 0 
-26 13 145 252 7 0 
28 10 344 465 21 0 
5 27 173 349 7 0 
-32 -45 133 280 5 0 
31 -7 299 394 24 0 
28 -29 352 502 13 0 
-39 -33 287 378 18 0 
-19 -5 282 410 19 0 
-10 69 461 584 22 0 
22 -44 289 431 13 0 
-34 0 105 272 10 0 
-44 -77 308 426 4 0 
-23 -56 112 222 17 0 
69 -97 200 290 2 0 
12 -59 247 366 18 0 
47 17 240 338 2 0 
-4 14 106 270 18 0 
-52 -50 194 307 13 0 
39 -29 446 545 24 0 
-42 -60 279 382 25 0 
19 41 87 241 2 0 
-54 -17 378 552 2 0 
11 -83 201 374 7 0 
-40 -53 377 536 23 0 
-6 21 264 432 21 0 
-31 -34 94 237 18 0 
-3 -26 419 564 21 0 
13 -22 405 517 23 0 
-95 -86 410 569 16 0 
88 -53 265 386 22 0 
-55 -32 180 273 11 0 
27 -10 467 641 22 0 
40 -36 269 375 10 0 
-58 15 430 550 15 0 
-52 -74 377 547 23 0 
-66 -34 123 229 7 0 
-33 -62 128 305 1 0 
-8 31 142 239 21 0 
-26 -56 375 501 11 0 
-39 -53 280 371 2 0 
71 -36 283 433 24 0 
-96 8 102 251 25 0 
-2 36 284 452 17 0 
-53 14 204 374 10 0 
67 -39 245 338 18 0 
-6 11 88 252 2 0 
16 33 454 556 12 0 
-19 -56 156 264 4 0 
25 -21 198 319 1 0 
37 -5 408 585 1 0 
-16 48 287 452 6 0 
2 -16 392 537 22 0 
-48 -12 103 259 25 0 
-42 -50 140 317 21 0 
16 11 141 288 18 0 
-80 -60 331 458 14 0 
-95 44 209 318 21 0 
-6 24 161 330 4 0 
-4 21 459 572 1 0 
7 -45 399 547 18 0 
31 -39 473 631 4 0 
14 26 446 583 4 0 
33 -52 211 339 5 0 
-59 39 246 347 15 0 
30 -36 131 232 5 0 
9 -39 467 646 22 0 
-10 54 113 264 21 0 
20 -26 65 184 17 0 
19 17 362 506 8 0 
-36 -92 169 343 4 0 
-3 59 130 224 4 0 
11 -63 387 497 16 0 
4 -36 401 551 5 0 
47 -41 263 428 15 0 
29 -58 63 208 25 0 
-70 -7 355 522 15 0 
56 1 100 228 7 0 
46 -53 159 251 19 0 
6 -14 310 484 11 0 
-34 -39 348 521 13 0 
-50 28 131 224 24 0 
-61 -10 252 405 4 0 
-30 17 255 379 13 0 
49 24 156 261 6 0 
-69 -41 246 419 4 0 
-18 57 172 333 12 0 
-22 15 172 287 4 0 
-7 37 239 385 4 0 
27 17 209 380 25 0 
45 -5 124 265 25 0 
-33 -25 353 444 14 0 
-4 53 214 379 25 0 
-41 -13 60 169 13 0 
23 -45 291 412 13 0 
17 5 393 565 11 0 
-6 -19 431 592 24 0 
52 51 94 212 5 0 
-28 -50 391 562 12 0 
69 -51 309 409 4 0 
36 -17 354 527 5 0 
-19 42 183 337 24 0 
72 65 237 398 17 0 
-71 59 137 243 4 0 
18 -37 451 614 1 0 
18 0 74 212 19 0 
-1 -30 446 589 7 0 
-44 -44 107 263 24 0 
-28 -59 472 641 10 0 
-7 4 276 368 13 0 
-37 -28 373 465 24 0 
4 -38 139 303 3 0 
-44 -35 397 567 14 0 
-56 -39 163 337 2 0 
13 -32 398 562 24 0 
-20 -11 333 447 11 0 
3 -52 281 406 5 0 
40 -54 433 592 14 0 
31 -25 176 327 21 0 
-57 38 354 519 14 0 
47 -42 262 435 15 0 
-28 -41 263 432 3 0 
-2 -5 394 565 15 0 
-27 -27 241 357 15 0 
-24 -47 300 413 21 0 
-77 -55 83 217 17 0 
-62 -43 78 168 18 0 
-71 -20 107 228 15 0 
-66 -39 82 203 19 0 
14 48 312 453 9 0 
31 -29 350 457 10 0 
6 -46 423 554 13 0 
9 39 336 452 25 0 
16 16 244 383 1 0 
7 -75 363 514 11 0 
-27 -4 353 489 25 0 
-40 -12 0 
-40 -35 0 
-1 2 0 
18 -35 0 
23 -0 0 
-46 -39 0 
0 0 0 
30 170 0