-29 64 276 548 12 0 
-30 5 98 438 8 0 
51 5 91 330 16 0 
-13 69 177 505 5 0 
-67 68 282 581 12 0 
48 6 262 445 5 0 
5 22 223 458 13 0 
-65 77 109 352 20 0 
-4 -1 262 588 13 0 
23 11 150 447 18 0 
25 6 214 450 7 0 
-42 -26 293 639 6 0 
-76 99 157 452 9 0 
-20 57 172 458 9 0 
-52 6 233 442 4 0 
-41 50 152 333 25 0 
-91 27 158 385 5 0 
-65 30 106 456 17 0 
18 96 180 363 3 0 
-40 83 62 297 16 0 
-37 -33 110 468 25 0 
23 29 242 553 21 0 
-43 20 91 376 14 0 
-35 -24 246 487 19 0 
-54 14 202 382 14 0 
-49 33 200 446 6 0 
57 23 161 377 16 0 
-22 55 247 579 9 0 
-56 73 73 407 20 0 
-38 -3 250 442 13 0 
-16 19 125 451 10 0 
-11 11 167 368 16 0 
-46 97 162 506 19 0 
16 9 75 266 22 0 
1 7 182 507 14 0 
-26 29 79 289 10 0 
4 14 274 558 11 0 
-50 -23 267 578 15 0 
-22 -9 80 392 13 0 
-71 -18 246 570 15 0 
-7 32 150 419 8 0 
11 -24 74 359 22 0 
-18 -23 215 555 24 0 
-11 11 232 510 3 0 
29 11 130 408 25 0 
12 -55 271 482 19 0 
-37 -21 176 495 21 0 
42 -2 262 521 10 0 
4 13 0 
21 17 0 
-36 49 0 
-31 0 0 
0 0 0 
4 200 0