33 30 157 417 4 0 
48 65 190 405 12 0 
86 59 223 555 3 0 
39 -33 113 306 15 0 
-23 86 296 481 13 0 
48 95 72 368 20 0 
-16 93 157 457 21 0 
-57 -65 279 560 4 0 
7 32 216 429 25 0 
42 68 232 544 21 0 
37 -2 282 626 7 0 
77 55 219 569 3 0 
-17 -56 67 423 9 0 
58 59 129 430 5 0 
57 15 218 456 20 0 
-22 36 299 575 21 0 
-7 30 144 340 19 0 
55 60 127 329 2 0 
-14 11 66 412 16 0 
-29 24 149 444 18 0 
43 0 222 445 24 0 
45 35 187 386 24 0 
64 2 77 280 8 0 
55 72 225 514 16 0 
16 15 299 649 19 0 
45 -3 219 442 12 0 
-76 5 64 278 9 0 
36 0 221 455 3 0 
29 8 102 414 15 0 
65 5 146 397 4 0 
42 -22 216 410 24 0 
25 31 79 424 22 0 
31 37 254 550 14 0 
66 -54 198 504 11 0 
46 -17 207 517 20 0 
65 40 269 480 5 0 
-2 24 282 496 11 0 
-40 3 196 541 12 0 
-73 57 190 475 7 0 
81 -25 101 442 1 0 
12 -7 201 490 23 0 
42 38 264 486 13 0 
3 -23 84 383 4 0 
-7 24 95 446 23 0 
35 -11 145 423 17 0 
52 9 61 305 13 0 
30 30 271 601 9 0 
41 77 243 530 10 0 
68 -40 207 407 22 0 
76 86 144 336 21 0 
63 78 104 392 13 0 
29 -9 155 364 25 0 
85 39 252 484 8 0 
31 3 180 373 20 0 
-20 19 222 434 3 0 
55 43 138 339 4 0 
35 10 179 487 13 0 
25 -0 254 487 18 0 
12 0 275 633 1 0 
18 20 89 367 10 0 
27 -15 150 485 16 0 
-3 19 224 490 9 0 
9 -41 224 496 13 0 
-20 38 270 619 23 0 
27 28 76 361 14 0 
59 42 238 460 5 0 
56 58 166 437 1 0 
-51 -0 137 393 6 0 
2 32 264 448 20 0 
15 -3 276 530 10 0 
66 34 129 422 19 0 
19 20 262 498 24 0 
-1 20 121 464 3 0 
-21 13 129 460 5 0 
98 1 82 337 13 0 
82 72 141 335 5 0 
30 -30 185 405 4 0 
33 41 75 347 12 0 
39 -8 149 442 11 0 
54 70 290 586 20 0 
3 10 287 512 13 0 
51 -16 85 273 1 0 
76 11 74 431 3 0 
5 0 240 443 2 0 
50 34 82 439 23 0 
-5 -2 192 481 8 0 
24 25 103 330 25 0 
33 37 90 425 18 0 
31 -7 270 617 4 0 
30 -28 118 324 5 0 
49 1 144 467 21 0 
-35 14 120 461 23 0 
-29 4 189 417 19 0 
19 41 71 262 2 0 
27 13 111 347 21 0 
52 50 128 448 10 0 
6 10 0 
32 44 0 
48 48 0 
33 -4 0 
0 0 0 
8 195 0