-55 -24 204 515 9 0 
-48 53 203 424 22 0 
-49 -38 169 352 10 0 
25 -18 108 433 24 0 
-24 -3 235 447 25 0 
24 -17 296 573 6 0 
-10 60 268 566 22 0 
38 -35 221 401 1 0 
-68 93 190 374 19 0 
-30 -57 290 490 19 0 
-37 -12 225 502 5 0 
-15 -47 196 434 9 0 
-63 -22 101 319 8 0 
-43 -43 139 386 14 0 
-25 13 251 592 4 0 
-2 16 256 572 7 0 
-41 -28 277 488 10 0 
2 12 169 436 22 0 
3 -47 123 364 17 0 
-83 26 208 419 10 0 
-6 26 172 434 8 0 
3 6 213 428 14 0 
-34 30 200 502 12 0 
15 -36 122 450 17 0 
12 5 115 431 19 0 
-48 -24 156 350 25 0 
-88 -10 258 460 25 0 
-29 0 263 498 6 0 
9 38 120 349 21 0 
1 92 215 418 3 0 
-79 15 200 538 19 0 
-30 40 274 602 16 0 
18 21 109 377 21 0 
45 -59 221 535 17 0 
-34 -3 274 465 19 0 
81 -74 246 583 6 0 
15 -28 113 348 10 0 
-72 29 80 276 22 0 
-42 -22 285 472 17 0 
-76 -57 81 309 16 0 
-28 12 187 466 5 0 
-61 26 196 521 1 0 
-8 12 230 436 21 0 
-61 33 261 546 20 0 
-34 -27 70 408 6 0 
10 -12 192 397 1 0 
-83 77 170 479 11 0 
-40 49 193 540 22 0 
83 33 249 431 25 0 
-20 -75 231 487 18 0 
15 -18 89 374 9 0 
-59 -65 117 316 23 0 
5 47 108 356 17 0 
46 14 157 499 4 0 
82 -1 182 517 1 0 
39 -38 111 325 14 0 
90 -83 138 346 11 0 
7 0 279 638 7 0 
18 40 172 383 21 0 
-80 58 261 515 3 0 
64 -62 269 560 18 0 
-43 -26 208 548 5 0 
-18 10 266 482 6 0 
-43 63 81 344 22 0 
11 26 93 437 13 0 
-6 38 66 338 17 0 
74 -34 164 462 5 0 
14 -0 68 278 7 0 
-94 -48 258 474 1 0 
15 -42 219 562 3 0 
-46 -16 200 488 10 0 
-0 -81 99 373 5 0 
-37 -42 234 444 1 0 
-3 -69 265 615 17 0 
34 -20 288 491 14 0 
45 51 207 407 4 0 
-31 88 125 470 10 0 
-13 -26 152 410 25 0 
12 -48 284 546 11 0 
-46 -38 121 465 16 0 
-29 35 294 511 25 0 
13 43 62 351 20 0 
38 -46 72 319 3 0 
-26 24 217 475 7 0 
90 -43 239 439 2 0 
-6 22 271 626 6 0 
-29 -28 105 294 14 0 
-56 -64 280 514 14 0 
-87 90 72 256 2 0 
-5 54 249 527 15 0 
-34 -27 237 465 22 0 
-16 16 153 357 4 0 
23 29 298 487 22 0 
-40 46 147 407 19 0 
-53 -21 195 547 5 0 
-17 37 126 461 10 0 
-37 56 117 433 4 0 
71 22 71 412 7 0 
-41 27 274 482 11 0 
14 -82 78 329 14 0 
30 -55 257 493 2 0 
-39 47 71 351 12 0 
-94 15 73 319 12 0 
-7 11 285 583 24 0 
28 -49 262 443 8 0 
-20 24 79 308 4 0 
-30 -18 87 304 25 0 
1 -20 269 627 6 0 
-31 -21 62 267 9 0 
-85 -28 66 278 23 0 
58 -63 141 414 15 0 
-15 -52 262 620 7 0 
-71 51 76 303 6 0 
-92 -6 176 383 5 0 
33 -49 206 529 12 0 
59 54 234 526 3 0 
30 -28 93 424 22 0 
-55 18 92 400 18 0 
-89 -39 212 397 16 0 
36 20 97 422 5 0 
-53 -56 268 491 1 0 
-31 32 72 291 8 0 
5 12 79 419 20 0 
-52 42 115 351 17 0 
47 -45 182 387 11 0 
30 9 259 525 8 0 
-45 -56 198 432 15 0 
10 13 88 278 16 0 
-32 -34 262 492 6 0 
-40 30 211 527 24 0 
-69 80 197 450 10 0 
-58 -29 182 501 4 0 
-36 -33 298 582 10 0 
-21 65 76 271 17 0 
22 -41 83 421 5 0 
-77 59 290 482 14 0 
-47 67 85 390 16 0 
-21 35 61 247 11 0 
-55 -31 148 438 25 0 
-85 88 84 408 4 0 
-3 -63 278 614 12 0 
-58 59 104 427 19 0 
-24 14 132 459 6 0 
-48 16 236 582 23 0 
-40 -24 0 
24 -27 0 
-45 41 0 
-11 15 0 
0 0 0 
12 190 0