-44 -55 87 312 11 0 
36 64 204 399 11 0 
-25 44 130 431 23 0 
-33 -73 159 416 16 0 
45 35 265 454 16 0 
14 -36 227 426 2 0 
-1 47 293 603 1 0 
2 -40 63 378 25 0 
22 1 137 473 24 0 
-28 5 122 366 14 0 
-48 94 273 532 6 0 
7 17 177 523 20 0 
4 27 189 513 10 0 
-13 28 157 349 11 0 
12 -11 219 491 2 0 
-36 23 236 568 22 0 
-4 -49 235 459 2 0 
1 -7 292 563 12 0 
-56 27 92 325 9 0 
-80 -77 212 455 21 0 
72 59 100 391 10 0 
-21 1 215 482 13 0 
-20 -62 158 505 25 0 
-48 6 268 560 9 0 
-5 61 171 498 19 0 
17 -47 169 476 22 0 
-16 8 135 362 4 0 
6 -27 77 350 4 0 
15 -34 104 404 7 0 
37 73 203 390 20 0 
-41 -43 114 424 17 0 
32 11 151 465 19 0 
-20 -20 271 485 12 0 
-35 19 223 512 2 0 
58 56 125 307 13 0 
-36 -6 142 488 24 0 
0 -46 170 483 22 0 
-19 38 140 466 17 0 
-47 20 275 584 19 0 
-79 -57 114 386 4 0 
5 -34 289 478 12 0 
34 -8 106 322 22 0 
18 -51 257 572 2 0 
-4 -44 221 515 19 0 
-14 -74 219 420 3 0 
19 77 116 331 5 0 
-50 17 146 454 22 0 
42 -79 241 553 6 0 
1 -29 217 397 9 0 
14 -3 186 498 8 0 
-26 -48 88 283 24 0 
-63 -5 149 360 15 0 
-54 7 217 479 16 0 
17 -34 138 452 9 0 
-98 34 76 317 1 0 
28 -8 75 367 18 0 
2 90 135 400 17 0 
-31 48 195 473 18 0 
-46 42 61 403 2 0 
27 58 102 354 25 0 
28 -28 261 562 21 0 
-26 11 224 414 19 0 
0 -26 149 503 10 0 
-50 7 154 449 2 0 
30 19 60 344 21 0 
-12 22 276 629 20 0 
22 -8 164 387 21 0 
8 2 217 462 2 0 
-19 0 189 510 6 0 
-4 31 249 547 2 0 
17 -0 274 549 12 0 
-2 42 173 424 12 0 
-16 68 276 631 5 0 
-1 42 120 330 5 0 
56 -44 252 464 8 0 
57 35 194 408 15 0 
-26 7 155 483 8 0 
7 -57 277 611 7 0 
-22 55 276 536 14 0 
19 38 281 551 18 0 
5 49 226 545 17 0 
15 6 249 443 5 0 
5 -31 140 443 6 0 
7 -28 113 465 9 0 
-75 4 233 537 24 0 
-43 -61 173 468 13 0 
-2 -62 226 490 5 0 
-18 -36 207 472 4 0 
20 21 281 531 22 0 
3 -19 190 408 24 0 
-20 18 175 448 25 0 
-0 -54 276 560 9 0 
-29 9 271 457 8 0 
5 -35 169 447 8 0 
27 48 287 570 25 0 
12 -42 74 359 7 0 
-51 41 147 403 24 0 
-29 4 243 529 16 0 
-18 -14 123 318 15 0 
7 -49 105 403 7 0 
-19 -32 220 423 17 0 
17 -52 236 508 9 0 
16 -62 89 417 14 0 
18 6 244 557 20 0 
-68 -64 160 436 6 0 
-13 20 134 414 17 0 
-44 63 220 458 23 0 
-6 71 146 393 14 0 
-51 25 222 535 19 0 
-0 59 174 496 21 0 
-64 83 259 484 6 0 
-11 -35 211 456 1 0 
-16 7 173 411 22 0 
19 -49 60 370 7 0 
-16 -2 64 348 14 0 
8 67 244 489 7 0 
30 24 223 405 25 0 
93 -20 183 506 17 0 
-9 -56 106 416 10 0 
-34 -63 130 359 23 0 
20 -5 128 343 22 0 
-3 89 63 383 3 0 
-18 45 140 405 14 0 
2 -30 108 393 14 0 
-28 56 62 302 2 0 
76 -29 231 589 2 0 
-90 10 116 447 21 0 
-35 46 188 465 10 0 
-48 43 142 366 10 0 
-40 26 121 377 5 0 
13 34 235 555 9 0 
-71 11 125 342 15 0 
-36 51 279 500 19 0 
-39 4 144 458 7 0 
-16 23 120 439 11 0 
10 -28 214 463 2 0 
-23 47 121 323 25 0 
-8 21 234 447 14 0 
-40 27 247 481 15 0 
-37 -41 247 509 12 0 
48 0 288 503 11 0 
-0 68 179 403 17 0 
-14 -33 103 315 4 0 
-1 -34 247 433 24 0 
-34 42 90 435 8 0 
8 -66 275 518 20 0 
-61 -51 273 589 12 0 
-1 9 84 360 10 0 
-16 66 145 437 12 0 
8 52 150 390 9 0 
-22 -36 297 484 16 0 
15 17 148 437 23 0 
9 -18 279 465 15 0 
-4 3 82 406 10 0 
8 40 220 512 21 0 
26 -33 190 450 2 0 
-32 39 159 456 16 0 
-32 -82 241 492 15 0 
-98 22 67 348 11 0 
-59 4 170 526 11 0 
7 -2 257 446 17 0 
-59 12 268 609 3 0 
-11 -31 135 325 9 0 
-16 -35 238 583 1 0 
21 18 262 447 13 0 
45 -61 135 358 1 0 
-48 25 165 354 2 0 
-32 -16 87 389 22 0 
12 -41 222 514 10 0 
-21 -77 148 393 4 0 
-17 -18 296 605 9 0 
48 93 67 288 11 0 
-18 49 98 280 3 0 
12 30 64 419 19 0 
3 -40 178 496 19 0 
17 37 243 555 4 0 
22 0 127 365 19 0 
-30 52 232 440 15 0 
33 -67 101 405 21 0 
5 1 251 455 25 0 
72 30 74 295 4 0 
-24 -34 177 514 3 0 
17 75 296 624 6 0 
10 -60 207 489 6 0 
-5 -48 255 532 21 0 
-19 21 153 394 25 0 
-46 -14 78 317 10 0 
-16 43 271 576 25 0 
14 -13 249 529 19 0 
-21 26 154 380 19 0 
39 -40 207 393 22 0 
52 30 295 631 5 0 
-0 7 0 
-23 48 0 
-26 16 0 
0 -35 0 
0 0 0 
16 185 0