65 -49 211 530 10 0 
-36 -36 205 555 25 0 
-2 18 92 331 18 0 
31 -35 210 400 16 0 
2 8 295 640 14 0 
31 43 157 457 7 0 
-36 -21 79 402 9 0 
52 35 144 413 16 0 
11 20 83 392 24 0 
-0 23 195 482 6 0 
43 -12 80 321 22 0 
6 19 158 431 11 0 
-6 25 278 527 19 0 
-27 -23 175 491 20 0 
33 -30 187 389 20 0 
63 -52 216 564 16 0 
-13 -43 193 431 5 0 
-0 -27 175 451 21 0 
59 -49 62 288 19 0 
27 -5 216 492 18 0 
70 -20 268 587 22 0 
35 -65 217 537 19 0 
-14 -42 115 328 15 0 
19 30 175 432 24 0 
-39 10 226 563 20 0 
-15 -40 182 423 17 0 
-28 -40 251 503 20 0 
27 9 132 444 12 0 
22 -9 88 279 23 0 
-0 -6 190 540 15 0 
10 75 267 549 19 0 
7 18 267 567 23 0 
48 -20 192 533 9 0 
-18 -29 224 488 21 0 
16 -6 215 569 17 0 
2 -30 277 632 6 0 
15 4 226 438 10 0 
60 89 200 477 9 0 
40 -45 265 516 19 0 
-26 -54 147 462 17 0 
69 72 151 429 22 0 
-22 46 255 543 8 0 
-14 -30 285 529 25 0 
76 12 182 484 13 0 
63 60 128 372 1 0 
-20 -81 280 505 15 0 
-41 -42 122 428 16 0 
79 -29 288 566 20 0 
-20 -7 186 545 14 0 
-4 -53 141 329 2 0 
39 -40 86 371 5 0 
-47 -77 180 403 16 0 
-1 49 87 364 12 0 
-0 -27 120 406 1 0 
31 -8 210 537 15 0 
-0 -20 279 469 5 0 
66 -26 132 455 9 0 
6 -64 111 308 8 0 
13 -20 191 484 2 0 
54 -6 183 433 10 0 
22 -34 252 562 25 0 
-9 4 240 461 24 0 
-11 -46 272 583 7 0 
-2 -0 226 554 14 0 
13 -44 267 490 3 0 
17 27 247 500 23 0 
2 -43 164 492 21 0 
-44 -38 126 406 13 0 
-59 1 120 366 15 0 
-13 -75 279 532 14 0 
-5 -51 108 370 7 0 
-9 -26 247 475 20 0 
19 29 78 398 6 0 
26 36 216 466 24 0 
43 -28 215 436 17 0 
-52 -35 182 409 3 0 
-8 -0 185 496 15 0 
89 62 163 393 6 0 
6 -16 269 526 21 0 
27 -5 200 397 25 0 
27 -15 158 399 18 0 
42 32 196 474 1 0 
25 12 208 388 19 0 
47 -12 248 514 17 0 
-3 -13 227 456 20 0 
12 -78 76 312 1 0 
-21 -3 106 444 13 0 
-3 -55 135 432 25 0 
53 84 249 564 16 0 
35 -47 131 470 5 0 
43 -18 113 431 18 0 
6 -54 158 342 17 0 
87 94 245 428 15 0 
39 -48 192 487 13 0 
-48 -26 138 352 15 0 
72 -9 263 498 2 0 
-37 3 177 373 1 0 
-65 -36 176 406 9 0 
-16 -35 212 394 16 0 
10 -4 132 476 6 0 
15 -5 183 533 18 0 
21 -18 160 424 24 0 
9 49 106 336 24 0 
94 -4 204 532 9 0 
10 -16 297 488 19 0 
-1 -0 189 520 12 0 
-6 25 114 374 22 0 
-6 10 263 578 13 0 
-17 -70 143 384 20 0 
-55 -43 282 535 25 0 
-9 23 137 494 1 0 
8 35 160 473 24 0 
-16 -0 271 520 10 0 
66 -37 183 415 22 0 
14 -23 162 408 14 0 
33 20 255 453 12 0 
66 -70 114 327 23 0 
-5 8 274 613 14 0 
-5 -46 241 497 23 0 
-8 55 163 476 25 0 
5 -3 228 435 5 0 
-25 -37 295 537 7 0 
-15 -24 201 391 25 0 
43 -11 102 437 11 0 
17 -25 182 457 18 0 
-39 54 202 472 18 0 
-24 -43 275 523 1 0 
-26 -12 288 473 7 0 
34 -38 262 480 22 0 
-47 -29 272 468 7 0 
49 -25 274 481 3 0 
3 -16 68 362 18 0 
22 -23 260 597 8 0 
-37 -29 211 465 6 0 
25 3 157 458 7 0 
-15 3 137 444 20 0 
-12 -7 158 436 10 0 
-22 26 166 407 2 0 
-17 7 106 465 3 0 
-21 14 170 371 10 0 
3 -19 298 572 5 0 
32 -14 254 559 25 0 
-5 -28 75 351 23 0 
-6 -39 257 463 21 0 
-2 12 84 381 13 0 
-6 8 64 250 1 0 
-37 -36 279 468 11 0 
10 -18 154 415 6 0 
50 8 253 611 9 0 
46 4 60 374 17 0 
19 -10 214 572 13 0 
-38 52 183 429 23 0 
-0 -21 78 417 19 0 
40 -33 294 582 11 0 
-0 -62 277 500 12 0 
-9 26 178 470 18 0 
34 -23 299 541 25 0 
29 -24 69 360 13 0 
16 -58 250 469 24 0 
61 -15 90 343 5 0 
40 -9 263 600 14 0 
0 -4 198 438 18 0 
-8 -43 141 384 25 0 
-7 -57 69 397 11 0 
7 -21 78 367 18 0 
3 7 199 457 23 0 
-15 92 281 629 22 0 
84 -24 287 594 20 0 
-52 30 91 429 11 0 
7 13 260 577 11 0 
-21 30 194 441 19 0 
36 29 248 578 13 0 
12 -40 106 306 24 0 
-17 -10 295 606 6 0 
-10 12 70 388 5 0 
-15 -59 222 487 24 0 
29 -2 239 446 7 0 
-12 -58 161 347 13 0 
-17 -35 294 639 25 0 
57 -50 261 509 15 0 
26 17 70 411 15 0 
-6 -8 101 434 16 0 
16 -16 222 518 5 0 
83 -32 133 325 15 0 
12 34 172 414 24 0 
15 67 181 413 15 0 
25 -5 286 566 9 0 
13 -14 192 468 19 0 
48 -5 232 420 15 0 
13 19 189 427 2 0 
-18 65 232 437 3 0 
17 38 60 303 18 0 
37 -16 281 614 20 0 
47 -30 215 400 14 0 
38 36 207 427 10 0 
-16 -42 150 344 6 0 
28 -1 201 400 17 0 
-5 -1 250 470 20 0 
60 63 134 470 3 0 
63 -47 293 493 14 0 
-15 -23 168 383 12 0 
-2 0 223 492 2 0 
32 -10 260 542 11 0 
-18 -25 240 577 16 0 
-3 25 103 363 18 0 
10 22 262 542 14 0 
1 -3 231 566 6 0 
-25 -12 144 394 12 0 
56 -75 296 551 21 0 
13 -36 195 383 1 0 
32 -29 60 300 18 0 
4 -7 290 513 17 0 
11 -8 72 361 15 0 
17 -24 224 517 4 0 
-33 -41 105 453 18 0 
-32 -50 74 411 22 0 
23 -14 280 538 16 0 
-21 -39 127 403 14 0 
32 77 291 606 25 0 
13 -76 68 307 15 0 
-8 -21 217 525 6 0 
25 46 119 376 7 0 
49 -54 269 461 21 0 
63 -8 226 456 3 0 
2 -5 298 552 15 0 
52 29 227 528 24 0 
9 -16 266 607 2 0 
34 -96 206 476 17 0 
-21 -41 117 447 2 0 
28 10 132 489 25 0 
16 -22 216 536 15 0 
-36 -34 154 461 3 0 
-27 -50 99 307 1 0 
-53 11 166 420 1 0 
26 -5 68 259 20 0 
-31 34 251 560 19 0 
-14 -31 225 467 2 0 
-4 -30 134 451 9 0 
-18 -29 66 334 4 0 
-17 -19 232 421 16 0 
34 -17 0 
0 -8 0 
3 13 0 
-3 -29 0 
0 0 0 
20 180 0