-66 -37 94 327 19 0 
2 -35 206 531 21 0 
38 8 294 651 17 0 
62 20 261 563 6 0 
60 -6 85 406 6 0 
-98 -39 87 309 19 0 
8 -81 104 439 17 0 
-14 26 226 449 19 0 
-34 -76 270 551 2 0 
55 -33 268 599 3 0 
15 8 127 351 24 0 
-63 -20 139 340 5 0 
-9 -42 126 481 9 0 
-53 3 192 453 20 0 
53 -3 155 467 19 0 
-22 -32 195 379 20 0 
39 -1 151 403 4 0 
16 -22 298 578 3 0 
-51 -13 272 490 2 0 
-29 14 221 529 23 0 
-70 -27 196 544 6 0 
-75 -30 219 411 17 0 
10 -28 73 332 17 0 
86 -45 82 303 3 0 
3 34 282 630 16 0 
-37 -42 195 550 15 0 
69 1 128 405 23 0 
-13 1 186 537 15 0 
-27 -38 72 335 12 0 
-69 -14 178 512 19 0 
58 29 180 433 23 0 
58 31 144 430 10 0 
-62 -16 113 400 23 0 
-66 13 226 465 22 0 
68 -12 66 411 4 0 
-30 -41 173 357 5 0 
-55 -51 283 573 1 0 
36 -2 261 489 11 0 
-1 5 254 446 20 0 
10 -23 179 538 25 0 
-7 36 253 440 18 0 
-90 61 165 524 4 0 
46 65 72 425 10 0 
13 31 142 452 17 0 
-73 -28 277 564 7 0 
-41 -37 203 439 4 0 
-60 -27 97 402 3 0 
38 54 96 340 12 0 
26 11 155 513 13 0 
10 -48 96 340 24 0 
52 -28 85 280 16 0 
-43 -39 212 448 2 0 
49 11 197 488 7 0 
45 4 101 359 15 0 
-25 -15 104 337 12 0 
65 -59 243 511 15 0 
12 -34 129 329 17 0 
12 -16 267 563 16 0 
0 69 81 325 1 0 
-8 7 264 512 9 0 
41 -35 243 563 4 0 
11 -34 256 508 3 0 
-1 -58 155 423 1 0 
6 -31 298 478 4 0 
1 -32 234 577 6 0 
29 -6 218 552 1 0 
23 10 164 417 19 0 
-65 40 276 592 1 0 
-10 26 291 642 2 0 
58 67 69 277 25 0 
90 9 181 429 4 0 
-6 15 81 286 4 0 
-2 -42 121 406 13 0 
-37 -7 71 361 18 0 
44 -11 178 408 9 0 
-58 -2 170 410 5 0 
-3 10 215 509 12 0 
-41 -1 288 594 22 0 
58 27 261 516 9 0 
-63 26 119 422 11 0 
-56 -15 90 434 6 0 
22 -27 143 325 19 0 
-1 -14 277 513 10 0 
-57 -10 144 324 1 0 
80 6 221 554 10 0 
2 10 219 575 20 0 
-37 -7 226 459 18 0 
-33 -26 63 391 1 0 
95 24 218 419 11 0 
-13 29 72 352 20 0 
-53 9 291 473 12 0 
67 13 281 545 17 0 
-83 -53 218 399 16 0 
30 -72 214 527 3 0 
-22 -20 230 555 14 0 
3 -35 211 395 12 0 
-20 -43 207 524 9 0 
-47 -21 108 463 1 0 
-20 -13 62 411 7 0 
34 3 159 370 7 0 
20 -11 145 462 5 0 
-46 -22 85 341 9 0 
-39 25 122 434 15 0 
-1 50 163 506 4 0 
-28 23 195 481 10 0 
-52 -16 244 446 21 0 
-3 -22 248 529 2 0 
-62 -26 141 344 6 0 
25 0 63 412 1 0 
-29 72 150 333 23 0 
26 1 255 564 24 0 
-9 35 108 309 16 0 
-7 -42 128 388 18 0 
28 -7 67 401 1 0 
47 36 259 466 1 0 
-53 5 265 596 21 0 
17 13 244 488 8 0 
6 -2 125 479 22 0 
-17 97 136 337 23 0 
22 26 197 414 11 0 
-73 -13 87 286 15 0 
-64 -4 286 630 14 0 
-34 -43 262 557 16 0 
-92 -4 95 299 25 0 
0 -8 62 373 12 0 
5 -37 174 355 9 0 
-19 -14 194 538 20 0 
-71 -11 147 420 22 0 
-45 -28 141 353 13 0 
-28 -23 182 497 24 0 
-16 30 72 345 13 0 
-83 -20 250 442 4 0 
-12 -20 241 514 22 0 
-7 -63 279 472 18 0 
34 -8 195 477 25 0 
-4 73 61 246 19 0 
-36 -3 195 550 8 0 
-28 -21 99 367 13 0 
-56 -15 205 509 1 0 
-11 42 94 413 1 0 
-63 -62 68 402 5 0 
29 79 88 294 2 0 
-65 -0 286 627 22 0 
46 -20 268 494 3 0 
1 -16 78 326 2 0 
40 -1 94 403 6 0 
-15 42 285 527 19 0 
33 -16 225 471 5 0 
-72 13 121 365 25 0 
-24 5 210 419 9 0 
-6 -30 130 480 20 0 
31 21 217 420 11 0 
20 0 118 429 18 0 
-67 -41 266 518 25 0 
22 -40 95 429 22 0 
31 2 167 490 25 0 
74 30 199 386 14 0 
60 81 137 469 21 0 
-60 24 194 531 1 0 
1 17 251 581 9 0 
-80 -38 269 574 2 0 
-49 -36 128 447 2 0 
-60 -27 147 442 4 0 
-78 -44 140 452 15 0 
54 -9 133 346 11 0 
-42 -26 262 554 15 0 
-57 -16 156 483 15 0 
-1 -13 248 561 16 0 
-24 39 201 405 14 0 
17 -40 133 342 25 0 
59 -3 91 276 9 0 
-3 6 188 446 23 0 
40 8 114 332 16 0 
-1 -54 286 552 10 0 
-36 -17 202 521 4 0 
7 -4 201 420 25 0 
30 -6 110 467 20 0 
-26 -63 90 434 5 0 
28 -0 247 453 19 0 
2 5 271 563 2 0 
3 -21 67 347 13 0 
-64 -10 265 593 19 0 
18 -41 148 412 2 0 
29 12 299 580 16 0 
4 26 89 295 2 0 
25 29 208 431 6 0 
57 -15 254 576 3 0 
-11 -19 114 362 20 0 
-45 -71 215 491 13 0 
2 -3 224 474 9 0 
-1 -24 258 482 5 0 
-59 -48 65 396 15 0 
70 -17 218 458 22 0 
-4 28 231 429 18 0 
-46 -23 119 354 21 0 
-49 -35 256 610 16 0 
-67 8 216 437 22 0 
31 -18 247 443 23 0 
-42 -52 125 469 1 0 
-15 18 118 436 1 0 
-78 -24 173 527 13 0 
51 -9 243 438 14 0 
29 -31 69 331 18 0 
46 1 223 544 5 0 
-52 31 207 452 24 0 
10 -61 83 424 11 0 
-15 -56 210 507 5 0 
-7 -54 112 400 1 0 
11 -20 274 462 21 0 
-24 -23 282 511 6 0 
2 -20 158 391 6 0 
-82 24 294 503 5 0 
-12 42 177 389 23 0 
-98 -36 202 511 16 0 
-61 -13 247 584 18 0 
-39 6 256 615 10 0 
41 7 142 324 9 0 
4 19 189 390 18 0 
-34 -37 122 312 22 0 
-4 23 156 388 24 0 
37 -1 296 530 15 0 
78 15 197 427 6 0 
-8 -25 293 489 12 0 
10 37 214 552 19 0 
-42 -46 221 515 19 0 
92 -94 178 416 17 0 
32 -39 182 363 22 0 
-55 -15 188 380 25 0 
-26 -21 286 576 11 0 
-75 -0 84 440 23 0 
34 12 98 421 10 0 
-2 -20 146 389 17 0 
53 13 191 532 6 0 
-14 -40 204 513 20 0 
67 5 182 424 6 0 
-13 -26 117 476 4 0 
4 -32 231 437 25 0 
-26 -33 142 464 7 0 
31 -45 159 402 11 0 
96 26 84 357 14 0 
-44 -37 262 593 14 0 
33 11 296 499 15 0 
-35 19 151 340 2 0 
-14 -74 62 246 14 0 
37 -0 186 535 17 0 
-51 -26 292 492 24 0 
23 5 124 456 10 0 
-18 53 262 515 20 0 
-11 -17 296 561 11 0 
-7 -35 165 389 16 0 
3 26 160 481 3 0 
-46 -22 151 414 11 0 
-2 -0 266 613 10 0 
32 17 178 475 18 0 
32 13 87 441 20 0 
-6 29 241 569 24 0 
77 -25 146 437 16 0 
30 65 255 528 2 0 
-43 -43 168 483 14 0 
49 16 125 454 10 0 
-28 -0 258 583 22 0 
40 16 225 462 14 0 
22 40 194 536 15 0 
-1 6 204 423 7 0 
-1 16 216 541 20 0 
8 41 153 335 1 0 
-44 -22 111 393 24 0 
12 -11 148 460 22 0 
33 15 193 535 23 0 
-34 -15 285 475 20 0 
-96 -19 256 467 15 0 
38 -5 83 366 14 0 
-25 0 122 328 12 0 
0 -31 118 351 4 0 
-24 95 238 445 15 0 
-4 35 184 499 12 0 
-6 1 189 379 8 0 
-70 -3 206 524 2 0 
-32 -16 78 359 24 0 
42 -21 131 363 5 0 
5 6 212 425 8 0 
36 -4 212 448 21 0 
49 27 232 519 5 0 
45 10 79 315 16 0 
7 14 70 343 8 0 
-60 18 167 374 24 0 
-64 8 268 617 23 0 
37 -14 291 475 6 0 
2 7 0 
32 -1 0 
-49 -17 0 
3 -26 0 
0 0 0 
24 175 0