-92 -59 94 327 20 0 
71 12 206 531 6 0 
31 66 294 651 19 0 
-4 25 261 563 10 0 
-30 67 85 406 18 0 
12 -57 87 309 1 0 
-32 -20 104 439 15 0 
19 48 226 449 23 0 
13 -19 270 551 13 0 
54 -41 268 599 12 0 
15 -25 127 351 7 0 
-50 -16 139 340 25 0 
-29 17 126 481 5 0 
17 1 192 453 1 0 
11 77 155 467 25 0 
33 71 195 379 10 0 
-56 -10 151 403 2 0 
57 -16 298 578 7 0 
10 -18 272 490 11 0 
53 -18 221 529 4 0 
1 7 196 544 6 0 
31 48 219 411 15 0 
-66 -37 73 332 7 0 
-70 62 82 303 8 0 
32 23 282 630 10 0 
-51 -36 195 550 9 0 
36 -22 128 405 4 0 
-31 43 186 537 6 0 
-10 34 72 335 22 0 
14 -10 178 512 17 0 
47 -21 180 433 9 0 
43 34 144 430 25 0 
53 -67 113 400 10 0 
26 46 226 465 18 0 
63 11 66 411 21 0 
47 -5 173 357 10 0 
-16 -11 283 573 23 0 
78 17 261 489 23 0 
79 22 254 446 11 0 
12 16 179 538 1 0 
-67 -3 253 440 23 0 
9 -18 165 524 16 0 
-35 -19 72 425 10 0 
28 45 142 452 12 0 
11 68 277 564 12 0 
-22 45 203 439 3 0 
-65 -23 97 402 22 0 
7 1 96 340 21 0 
-29 -11 155 513 13 0 
-89 16 96 340 15 0 
-46 -3 85 280 13 0 
-14 30 212 448 20 0 
-17 49 197 488 10 0 
31 53 101 359 25 0 
-3 13 104 337 7 0 
33 58 243 511 15 0 
-92 63 129 329 2 0 
-9 -22 267 563 23 0 
-39 6 81 325 5 0 
28 -19 264 512 25 0 
-28 -3 243 563 9 0 
31 36 256 508 2 0 
-49 60 155 423 24 0 
-72 -27 298 478 13 0 
60 -45 234 577 20 0 
10 -3 218 552 13 0 
25 7 164 417 15 0 
-46 -17 276 592 4 0 
16 33 291 642 20 0 
25 -11 69 277 8 0 
68 -5 181 429 19 0 
-13 62 81 286 20 0 
42 -8 0 
-42 -14 0 
16 40 0 
-14 29 0 
16 -3 0 
46 12 0 
0 0 0 
6 200 0