-40 -42 101 341 20 0 
-64 -17 208 482 10 0 
5 -14 218 450 8 0 
72 20 123 469 6 0 
2 -15 145 419 1 0 
-24 -72 188 433 19 0 
-13 66 154 335 13 0 
33 13 149 461 24 0 
66 -30 163 389 15 0 
19 35 173 410 13 0 
-27 32 222 410 10 0 
51 -16 102 338 4 0 
-19 23 62 269 12 0 
-46 -52 228 558 21 0 
-10 -16 91 444 2 0 
35 12 155 370 10 0 
-37 12 67 347 20 0 
82 25 64 353 9 0 
8 -3 211 414 24 0 
-56 25 229 423 19 0 
-52 -40 291 516 13 0 
39 12 222 519 14 0 
19 21 228 578 17 0 
-23 -12 136 465 25 0 
15 52 152 340 1 0 
58 -7 220 442 9 0 
-33 72 122 449 12 0 
2 46 295 543 22 0 
-18 73 280 505 2 0 
-67 -20 154 456 21 0 
-76 -11 246 443 8 0 
-24 -38 138 396 19 0 
-20 -31 195 375 24 0 
9 39 229 417 24 0 
26 35 247 575 2 0 
-57 -45 204 406 20 0 
1 -62 156 423 20 0 
34 13 141 450 5 0 
-22 45 234 489 17 0 
-5 44 245 511 4 0 
-38 -23 216 402 21 0 
28 33 224 547 3 0 
-35 -5 127 338 16 0 
-19 13 63 389 14 0 
-9 -30 95 288 6 0 
-22 -17 290 546 5 0 
-22 36 289 591 12 0 
-61 -18 192 547 23 0 
50 -66 92 447 12 0 
25 24 245 601 18 0 
65 42 83 277 24 0 
-60 -47 275 535 3 0 
-9 42 176 495 3 0 
-19 4 63 265 25 0 
-54 -3 133 358 22 0 
-25 -18 170 414 25 0 
-18 84 124 438 15 0 
-70 -39 99 413 18 0 
-14 -0 100 426 8 0 
-76 -38 186 431 20 0 
44 12 226 566 18 0 
-22 -50 288 602 5 0 
19 44 161 344 25 0 
-44 -39 203 448 16 0 
-2 -4 168 391 14 0 
-24 35 159 475 1 0 
-61 -73 164 447 15 0 
-5 -26 94 300 22 0 
45 -36 153 354 6 0 
-51 -79 130 428 24 0 
-33 10 89 311 19 0 
-25 -0 229 568 12 0 
-21 61 205 419 13 0 
2 26 262 451 10 0 
-26 14 105 353 12 0 
-37 -44 145 412 13 0 
-0 -16 275 536 25 0 
-51 34 299 578 12 0 
-41 -76 246 497 2 0 
-30 74 198 533 11 0 
-46 -1 194 382 10 0 
-71 73 277 628 9 0 
-46 -39 174 523 21 0 
-30 67 175 363 14 0 
-40 -43 209 391 15 0 
-74 -52 265 502 6 0 
-17 -71 226 428 25 0 
2 -81 159 370 14 0 
-85 -54 155 487 17 0 
23 10 193 535 8 0 
-24 -31 167 439 4 0 
-42 -15 285 530 17 0 
-33 50 165 520 23 0 
-81 -41 259 608 4 0 
-73 -48 173 360 4 0 
-3 70 108 372 9 0 
0 25 267 464 9 0 
-54 13 212 457 19 0 
-30 7 241 564 12 0 
-68 -34 212 515 25 0 
7 57 71 323 8 0 
4 48 174 414 13 0 
58 26 155 451 3 0 
18 34 82 275 6 0 
-44 -61 230 527 11 0 
5 26 114 418 24 0 
-48 -36 276 600 16 0 
-3 -27 135 475 21 0 
9 36 144 350 25 0 
59 1 125 350 10 0 
-47 19 251 463 2 0 
-48 -50 246 582 13 0 
44 20 82 364 14 0 
-19 32 75 434 19 0 
-15 17 215 524 16 0 
-91 77 286 523 23 0 
-30 -78 265 572 13 0 
73 32 66 271 24 0 
22 -60 165 436 17 0 
61 -13 263 469 8 0 
22 -50 287 470 12 0 
-6 56 269 456 6 0 
-20 12 144 470 20 0 
-61 -44 82 385 20 0 
-9 -19 61 262 24 0 
5 -88 117 302 10 0 
-2 22 271 629 18 0 
40 32 107 375 10 0 
-3 36 141 341 15 0 
-50 19 243 438 12 0 
-70 -3 149 376 22 0 
4 0 136 483 11 0 
9 26 203 529 14 0 
13 -21 174 425 9 0 
-21 -18 269 514 6 0 
-37 -30 148 448 23 0 
-86 10 268 597 8 0 
-47 -46 205 527 22 0 
4 -19 163 356 7 0 
4 30 180 376 15 0 
-42 53 88 360 22 0 
35 -10 238 427 7 0 
61 -59 229 520 14 0 
-34 -1 289 555 21 0 
-3 44 0 
14 21 0 
-23 -28 0 
10 1 0 
-49 -43 0 
-21 4 0 
0 0 0 
12 190 0