-41 -66 114 369 3 0 
34 -59 212 565 16 0 
20 -52 65 409 8 0 
-38 -37 87 343 15 0 
41 22 265 624 12 0 
-54 -53 149 440 13 0 
8 80 254 485 8 0 
81 13 235 543 24 0 
14 -2 190 485 14 0 
-52 60 224 455 17 0 
-57 -34 172 470 8 0 
-65 -40 266 573 11 0 
-19 -10 175 446 8 0 
-26 -87 299 588 17 0 
3 -88 203 457 19 0 
34 32 74 352 13 0 
80 5 139 475 2 0 
-39 -67 77 385 8 0 
14 11 91 444 21 0 
-20 -80 246 570 13 0 
48 47 243 582 17 0 
59 -31 230 558 4 0 
-13 -45 297 649 22 0 
32 -32 243 429 24 0 
2 50 134 364 11 0 
-66 -34 271 587 6 0 
-13 18 109 356 19 0 
-59 12 273 495 11 0 
-5 -18 217 547 23 0 
-22 -21 105 341 4 0 
58 46 139 403 5 0 
-49 -76 125 327 16 0 
-4 43 120 446 2 0 
68 -19 236 504 13 0 
37 63 128 422 11 0 
1 -26 266 504 9 0 
-37 1 142 364 18 0 
-40 8 142 434 7 0 
-8 -38 192 394 24 0 
-36 25 136 395 5 0 
-47 -50 144 327 2 0 
22 -28 101 350 5 0 
-36 -48 238 526 5 0 
75 -13 145 504 3 0 
-64 -13 211 395 13 0 
1 29 225 521 2 0 
-1 -35 191 487 10 0 
46 6 143 361 12 0 
82 27 207 557 24 0 
74 19 65 285 21 0 
47 9 79 273 18 0 
-62 -21 161 470 5 0 
9 20 135 330 15 0 
-3 21 228 499 11 0 
-75 13 190 399 7 0 
10 -63 266 463 3 0 
71 26 112 295 17 0 
18 -38 243 593 14 0 
-10 -31 139 449 14 0 
8 -91 269 507 7 0 
72 -38 191 389 12 0 
-30 38 112 370 5 0 
-56 -5 172 365 11 0 
-8 -37 252 447 17 0 
15 13 275 618 3 0 
-60 24 281 559 7 0 
-13 -27 163 505 13 0 
-34 -22 212 559 20 0 
69 83 117 379 13 0 
-44 30 251 549 4 0 
48 3 143 492 3 0 
-15 51 285 532 24 0 
36 26 135 388 23 0 
59 24 164 513 21 0 
55 6 198 483 23 0 
39 48 95 415 10 0 
-48 -71 154 347 21 0 
-2 -62 81 304 24 0 
9 -41 217 459 9 0 
-54 -18 115 335 22 0 
10 -7 162 399 3 0 
-69 -50 65 394 6 0 
-40 -7 207 422 11 0 
62 43 237 441 10 0 
29 63 186 426 15 0 
-12 -21 116 475 9 0 
14 28 227 547 20 0 
-63 -60 110 446 19 0 
33 -0 270 504 19 0 
-12 14 197 482 19 0 
-89 51 159 430 20 0 
-0 41 295 501 1 0 
80 32 299 643 15 0 
-53 -14 109 349 18 0 
-53 -64 60 332 2 0 
73 10 142 384 25 0 
59 13 146 464 20 0 
-37 6 180 384 18 0 
-53 21 118 389 8 0 
-36 18 80 389 3 0 
-4 -13 161 462 2 0 
53 36 112 319 15 0 
48 -66 220 485 21 0 
-46 -20 160 413 6 0 
-15 -40 299 616 24 0 
-73 -9 95 422 19 0 
92 45 92 321 23 0 
33 28 123 376 16 0 
47 24 67 346 16 0 
-6 -30 76 383 9 0 
12 23 243 443 1 0 
-61 26 281 528 10 0 
23 9 231 558 14 0 
49 6 90 319 11 0 
-53 -21 126 460 4 0 
54 2 87 317 23 0 
4 -69 67 319 23 0 
33 45 190 456 22 0 
-32 -23 223 454 11 0 
-17 -46 157 340 14 0 
31 33 206 536 12 0 
45 22 235 469 13 0 
-5 -23 147 353 11 0 
-51 -46 296 618 9 0 
11 11 61 402 6 0 
-39 -13 244 436 25 0 
27 29 186 390 21 0 
33 66 266 525 13 0 
-91 29 140 496 23 0 
-24 -68 124 439 8 0 
44 20 62 375 7 0 
45 -21 146 442 8 0 
-37 -12 127 379 9 0 
41 0 203 391 2 0 
-42 -30 178 529 24 0 
34 -4 83 434 7 0 
-65 -43 174 449 23 0 
20 -4 176 427 21 0 
-36 -8 79 411 12 0 
-26 -19 114 423 23 0 
-31 -83 129 459 18 0 
-26 12 297 630 5 0 
-39 -58 115 305 15 0 
-34 0 90 436 11 0 
43 4 281 598 8 0 
-38 -9 273 598 2 0 
-25 -99 82 283 6 0 
48 29 168 503 23 0 
-43 -32 289 566 9 0 
-16 -29 148 444 1 0 
-29 -12 111 411 12 0 
-51 -28 186 490 17 0 
-1 -18 114 442 2 0 
18 21 99 317 5 0 
60 7 202 483 1 0 
43 42 98 430 20 0 
-39 -5 79 295 19 0 
-35 -16 64 280 13 0 
-41 38 95 419 10 0 
84 29 253 504 9 0 
-17 -10 62 353 14 0 
-48 -48 188 438 4 0 
-49 -17 184 437 20 0 
16 -2 85 299 17 0 
65 14 224 521 19 0 
-2 13 163 482 19 0 
-18 -23 130 330 16 0 
-91 -80 253 597 4 0 
-21 -13 136 435 1 0 
46 17 90 369 21 0 
-61 -33 197 550 9 0 
-9 -25 72 261 2 0 
33 -7 162 488 24 0 
-25 -10 232 589 1 0 
36 -2 275 596 21 0 
7 24 73 373 13 0 
-43 -30 297 653 15 0 
-21 0 145 357 4 0 
19 10 207 479 10 0 
-6 -29 94 292 19 0 
54 8 285 560 1 0 
64 77 289 589 25 0 
40 1 186 440 3 0 
-41 -5 97 374 21 0 
74 -19 72 425 7 0 
-73 -54 134 484 18 0 
29 15 63 274 3 0 
23 12 125 379 1 0 
42 45 113 375 2 0 
-16 -16 196 518 8 0 
-14 -0 169 505 10 0 
-19 8 94 408 19 0 
-30 14 80 305 17 0 
-63 -67 83 363 19 0 
86 38 73 396 24 0 
79 -24 172 407 24 0 
35 14 66 415 6 0 
-49 -9 229 458 2 0 
-49 -17 71 283 7 0 
57 16 271 576 10 0 
54 12 200 490 13 0 
-53 -33 120 416 20 0 
-0 16 125 448 1 0 
21 16 124 348 17 0 
-46 -49 109 448 17 0 
18 19 209 554 16 0 
35 19 89 341 9 0 
71 29 160 497 25 0 
-56 -42 147 471 1 0 
-25 25 81 375 23 0 
-5 33 267 463 10 0 
54 -5 80 389 15 0 
-63 27 85 377 25 0 
-16 -49 69 293 25 0 
47 13 141 410 16 0 
-10 -2 151 461 1 0 
-15 -23 0 
38 22 0 
-41 -35 0 
-29 -4 0 
49 11 0 
21 14 0 
0 0 0 
18 180 0