12 1 120 382 10 0 
18 1 213 516 21 0 
57 -48 229 449 8 0 
-52 -84 189 489 23 0 
60 -32 85 396 10 0 
23 4 250 564 9 0 
25 22 64 321 21 0 
25 -52 158 375 16 0 
-49 -41 84 323 21 0 
-37 -41 129 447 3 0 
-14 48 266 529 24 0 
41 -24 229 572 2 0 
-21 0 111 413 4 0 
-48 -16 95 454 18 0 
-7 44 140 434 5 0 
20 10 274 583 13 0 
-29 -46 296 479 13 0 
-20 -59 83 400 14 0 
-87 -52 270 608 10 0 
3 -6 254 463 3 0 
11 5 98 314 1 0 
-24 -55 233 486 11 0 
-22 5 212 476 16 0 
-51 9 297 592 6 0 
12 -40 245 496 18 0 
-30 7 296 480 11 0 
37 0 102 399 15 0 
2 -8 142 442 17 0 
0 3 185 478 17 0 
-52 9 80 284 1 0 
33 -48 205 412 1 0 
-13 -53 118 472 18 0 
-99 23 202 421 3 0 
6 -3 239 457 21 0 
-14 -19 69 346 22 0 
-24 16 296 552 14 0 
-10 -81 255 454 4 0 
35 5 263 457 17 0 
-11 42 172 437 16 0 
-34 -15 202 548 8 0 
66 1 107 289 14 0 
6 -1 160 372 23 0 
1 -2 293 619 1 0 
37 11 65 260 21 0 
51 -26 269 539 10 0 
19 -10 72 388 19 0 
-37 -6 143 436 6 0 
-56 -42 239 568 4 0 
1 -14 144 491 18 0 
-56 -3 214 546 23 0 
-23 -15 76 269 25 0 
-34 -1 225 558 17 0 
-64 63 114 337 11 0 
-47 -20 191 406 20 0 
-33 8 218 419 9 0 
34 26 193 546 23 0 
-38 42 106 403 14 0 
-92 44 75 263 7 0 
23 27 159 370 15 0 
-67 -67 191 426 22 0 
25 -25 174 392 4 0 
-40 -16 144 464 14 0 
77 -6 178 466 24 0 
-54 -1 156 416 13 0 
-53 -29 209 432 9 0 
16 -27 222 482 3 0 
-59 36 163 355 23 0 
34 25 270 508 2 0 
-9 -6 219 511 23 0 
-85 -20 71 279 8 0 
29 18 290 612 23 0 
27 6 193 393 13 0 
42 -25 219 402 25 0 
82 85 115 364 25 0 
-47 -35 125 428 20 0 
22 -20 70 417 9 0 
-55 -33 214 554 15 0 
62 -1 92 288 4 0 
25 -3 202 439 1 0 
-43 -7 194 447 7 0 
60 52 266 528 12 0 
-96 34 199 516 5 0 
-32 -3 104 432 8 0 
-47 -45 268 480 1 0 
-31 -93 174 443 24 0 
-17 -21 161 401 23 0 
-8 -2 228 517 12 0 
35 13 206 425 2 0 
29 54 208 393 22 0 
48 -8 78 425 3 0 
-2 27 276 456 12 0 
-16 -55 60 246 16 0 
-40 -47 246 584 8 0 
-12 -2 155 430 25 0 
-51 7 244 558 6 0 
-32 23 279 601 24 0 
13 -34 206 405 16 0 
-35 -23 284 558 7 0 
91 5 297 542 9 0 
-28 -34 134 356 23 0 
33 27 87 323 24 0 
98 31 201 392 19 0 
-57 -27 253 502 9 0 
-43 13 79 362 10 0 
37 49 94 421 23 0 
-3 7 205 454 2 0 
-98 61 120 392 5 0 
-23 -32 117 327 25 0 
22 -18 148 463 17 0 
43 -2 292 640 23 0 
71 11 239 522 23 0 
-43 -38 179 381 13 0 
-83 2 185 534 2 0 
11 -40 98 351 24 0 
27 -13 81 338 22 0 
-86 -59 108 425 20 0 
-22 -78 87 401 15 0 
-38 -33 132 429 12 0 
-1 -28 252 553 17 0 
81 -44 223 574 21 0 
51 19 165 479 10 0 
-34 -27 217 474 4 0 
-51 -23 269 505 21 0 
-0 -46 283 524 3 0 
68 -66 61 292 17 0 
-15 -25 187 383 19 0 
22 -34 264 482 10 0 
36 -10 225 480 21 0 
-23 -47 140 485 21 0 
-14 32 185 380 6 0 
16 -12 139 406 8 0 
93 23 271 542 8 0 
40 -24 89 394 13 0 
5 -4 98 345 7 0 
-78 1 253 567 11 0 
51 -45 170 457 18 0 
49 -30 248 497 10 0 
-62 -21 281 587 25 0 
-5 7 277 498 7 0 
1 -70 201 386 17 0 
1 -3 149 417 20 0 
-15 16 207 522 18 0 
-31 -60 298 617 21 0 
-46 -55 111 317 14 0 
2 5 268 488 2 0 
-30 -0 92 302 18 0 
-16 17 95 402 10 0 
52 29 69 374 5 0 
-11 -83 265 494 15 0 
41 43 208 472 17 0 
8 -2 185 469 12 0 
31 -8 255 472 14 0 
-3 -36 193 467 3 0 
-26 13 284 610 7 0 
28 10 78 401 21 0 
5 27 75 290 7 0 
-32 -45 118 403 5 0 
31 -7 199 496 24 0 
28 -29 222 422 13 0 
-39 -33 94 319 18 0 
-19 -5 74 300 19 0 
-10 69 288 515 22 0 
22 -44 196 555 13 0 
-34 0 227 408 10 0 
-44 -77 95 420 4 0 
-23 -56 290 498 17 0 
69 -97 122 459 2 0 
12 -59 175 530 18 0 
47 17 114 325 2 0 
-4 14 75 317 18 0 
-52 -50 232 461 13 0 
39 -29 194 420 24 0 
-42 -60 178 360 25 0 
19 41 214 481 2 0 
-54 -17 60 381 2 0 
11 -83 271 477 7 0 
-40 -53 280 576 23 0 
-6 21 244 592 21 0 
-31 -34 113 467 18 0 
-3 -26 114 401 21 0 
13 -22 278 611 23 0 
-95 -86 137 428 16 0 
88 -53 279 469 22 0 
-55 -32 190 465 11 0 
27 -10 147 429 22 0 
40 -36 189 521 10 0 
-58 15 240 534 15 0 
-52 -74 208 404 23 0 
-66 -34 79 337 7 0 
-33 -62 266 612 1 0 
-8 31 219 413 21 0 
-26 -56 104 412 11 0 
-39 -53 194 414 2 0 
71 -36 114 421 24 0 
-96 8 137 489 25 0 
-2 36 144 339 17 0 
-53 14 96 308 10 0 
67 -39 223 403 18 0 
-6 11 293 521 2 0 
16 33 162 342 12 0 
-19 -56 209 417 4 0 
25 -21 159 488 1 0 
37 -5 224 508 1 0 
-16 48 91 283 6 0 
2 -16 76 386 22 0 
-48 -12 91 377 25 0 
-42 -50 289 646 21 0 
16 11 97 330 18 0 
-80 -60 105 294 14 0 
-95 44 254 450 21 0 
-6 24 223 406 4 0 
-4 21 89 371 1 0 
7 -45 294 612 18 0 
31 -39 265 521 4 0 
14 26 185 431 4 0 
33 -52 276 630 5 0 
-59 39 242 531 15 0 
30 -36 204 526 5 0 
9 -39 211 484 22 0 
-10 54 137 318 21 0 
20 -26 204 560 17 0 
19 17 105 303 8 0 
-36 -92 240 461 4 0 
-3 59 115 424 4 0 
11 -63 85 338 16 0 
4 -36 263 541 5 0 
47 -41 229 576 15 0 
29 -58 286 574 25 0 
-70 -7 201 531 15 0 
56 1 183 538 7 0 
46 -53 119 466 19 0 
6 -14 80 346 11 0 
-34 -39 208 533 13 0 
-50 28 263 474 24 0 
-61 -10 130 415 4 0 
-30 17 246 463 13 0 
49 24 282 556 6 0 
-69 -41 212 395 4 0 
-18 57 187 411 12 0 
-22 15 107 335 4 0 
-7 37 228 549 4 0 
27 17 184 458 25 0 
45 -5 153 364 25 0 
-33 -25 196 415 14 0 
-4 53 126 450 25 0 
-41 -13 98 406 13 0 
23 -45 158 383 13 0 
17 5 164 355 11 0 
-6 -19 93 426 24 0 
52 51 240 493 5 0 
-28 -50 291 583 12 0 
69 -51 156 413 4 0 
36 -17 151 490 5 0 
-19 42 273 613 24 0 
72 65 146 360 17 0 
-71 59 105 409 4 0 
18 -37 172 514 1 0 
18 0 259 515 19 0 
-1 -30 139 493 7 0 
-44 -44 78 422 24 0 
-28 -59 161 396 10 0 
-7 4 96 394 13 0 
-37 -28 272 515 24 0 
4 -38 239 545 3 0 
-44 -35 146 340 14 0 
-56 -39 240 578 2 0 
13 -32 188 407 24 0 
-20 -11 172 514 11 0 
3 -52 156 483 5 0 
40 -54 114 334 14 0 
31 -25 277 626 21 0 
-57 38 221 440 14 0 
47 -42 296 599 15 0 
-28 -41 215 508 3 0 
-2 -5 231 454 15 0 
-27 -27 279 577 15 0 
-24 -47 182 402 21 0 
-77 -55 223 547 17 0 
-62 -43 90 443 18 0 
-71 -20 101 435 15 0 
-66 -39 156 340 19 0 
14 48 90 443 9 0 
31 -29 176 472 10 0 
6 -46 199 439 13 0 
9 39 183 416 25 0 
16 16 244 512 1 0 
7 -75 160 355 11 0 
-27 -4 173 451 25 0 
-40 -12 0 
-40 -35 0 
-1 2 0 
18 -35 0 
23 -0 0 
-46 -39 0 
0 0 0 
24 170 0