64 48 252 587 21 0 
-84 74 202 479 21 0 
-66 -28 206 461 1 0 
-9 -50 246 458 11 0 
47 79 115 348 17 0 
90 -8 216 528 22 0 
-88 61 257 478 4 0 
44 -63 114 416 7 0 
57 75 182 476 18 0 
42 -86 261 446 6 0 
-64 -81 299 584 19 0 
-70 58 204 562 16 0 
-83 19 61 347 1 0 
8 -63 149 460 14 0 
28 96 133 319 15 0 
91 46 237 453 16 0 
22 94 211 413 13 0 
85 -47 69 252 14 0 
-98 70 278 606 5 0 
-75 -60 82 355 22 0 
-28 28 180 512 5 0 
35 84 153 437 19 0 
-36 -76 94 334 3 0 
33 29 121 398 23 0 
24 98 74 375 5 0 
-20 72 107 418 14 0 
-29 -52 77 375 7 0 
-72 -82 94 406 1 0 
-4 -34 146 465 1 0 
50 12 111 439 18 0 
2 65 169 470 12 0 
82 -49 212 556 15 0 
30 -89 187 412 8 0 
89 79 246 472 4 0 
-77 -3 193 441 19 0 
0 52 270 579 12 0 
-85 -92 108 301 16 0 
93 -22 167 393 1 0 
25 57 184 378 25 0 
21 -91 191 462 10 0 
-61 -17 120 480 4 0 
79 98 176 373 9 0 
68 80 299 581 3 0 
2 -81 68 253 19 0 
-73 -96 93 282 8 0 
0 19 268 475 25 0 
80 -95 204 547 8 0 
-73 32 227 464 25 0 
-16 -59 236 519 23 0 
-32 -18 208 453 19 0 
98 -51 228 471 12 0 
63 -20 284 570 12 0 
-90 24 292 633 16 0 
44 -83 195 377 25 0 
-38 -49 87 356 18 0 
74 -64 144 445 13 0 
-45 -5 134 470 9 0 
-95 56 124 446 12 0 
-31 51 83 335 5 0 
-15 78 165 492 16 0 
75 49 113 386 1 0 
81 -18 295 596 13 0 
-69 0 189 507 10 0 
67 92 214 452 16 0 
-60 92 181 500 17 0 
88 87 262 500 22 0 
24 12 164 512 22 0 
-32 94 122 364 3 0 
49 -73 152 387 4 0 
-79 77 220 475 4 0 
-25 -50 133 357 20 0 
-65 -88 192 414 23 0 
-34 -80 164 363 10 0 
-11 -40 103 325 21 0 
-27 18 178 425 9 0 
67 -33 147 388 4 0 
23 -0 250 575 25 0 
98 -19 256 489 5 0 
-79 71 193 376 11 0 
58 -93 197 470 17 0 
-35 27 72 310 1 0 
-98 -62 169 424 4 0 
15 33 166 377 4 0 
51 -97 204 531 4 0 
35 -52 120 365 24 0 
-87 -77 112 367 4 0 
-16 -66 294 608 12 0 
-79 29 251 530 16 0 
93 -43 158 508 25 0 
-90 -13 103 372 25 0 
-73 -29 246 559 23 0 
71 -59 204 557 20 0 
-78 63 87 412 14 0 
10 89 300 488 16 0 
-69 25 189 474 8 0 
22 87 225 516 4 0 
-75 69 246 504 1 0 
-67 60 61 388 22 0 
54 -23 219 545 15 0 
64 40 125 344 13 0 
39 -75 209 447 5 0 
60 73 278 586 6 0 
-35 -74 188 458 15 0 
-86 19 213 409 24 0 
43 45 97 292 7 0 
-86 50 172 370 12 0 
56 -73 169 516 23 0 
-16 40 193 413 22 0 
-1 -19 264 497 16 0 
-66 -16 291 558 13 0 
15 -18 116 382 19 0 
98 12 255 472 5 0 
-86 -67 231 515 24 0 
96 39 74 340 24 0 
-25 28 274 495 2 0 
59 14 114 361 13 0 
20 8 233 544 8 0 
41 -60 113 437 16 0 
-44 17 95 331 3 0 
-61 -18 191 473 24 0 
-96 -52 115 305 8 0 
-73 -23 163 401 8 0 
-7 83 261 455 13 0 
-82 -60 221 453 13 0 
-11 -51 224 528 22 0 
91 -56 153 380 15 0 
-55 49 145 363 3 0 
-33 97 292 518 6 0 
-68 65 227 537 16 0 
69 -43 258 553 7 0 
-57 60 128 453 7 0 
58 37 67 426 20 0 
60 -11 161 409 20 0 
98 -4 233 559 17 0 
-88 -55 128 419 4 0 
50 -47 82 406 13 0 
70 -69 160 493 3 0 
55 -29 194 543 15 0 
-83 -2 75 346 14 0 
33 -43 114 308 2 0 
95 88 223 479 23 0 
68 -77 195 404 18 0 
0 -84 172 411 13 0 
60 50 233 516 8 0 
-60 37 100 373 12 0 
69 -95 70 335 21 0 
-67 -59 82 290 6 0 
-24 37 224 537 23 0 
7 13 90 276 23 0 
31 73 95 384 18 0 
-53 -18 138 350 21 0 
-17 75 134 456 19 0 
79 -84 291 621 23 0 
94 97 225 577 17 0 
96 1 143 339 16 0 
-76 -58 218 449 1 0 
-66 57 160 345 5 0 
4 -19 159 389 23 0 
-11 61 173 446 25 0 
37 0 105 403 15 0 
2 22 118 423 8 0 
-7 -49 270 517 23 0 
-10 82 60 398 7 0 
58 -44 170 397 13 0 
42 -96 126 324 3 0 
13 77 67 269 11 0 
-72 -65 273 490 1 0 
72 -53 198 465 5 0 
98 -15 147 482 12 0 
-36 -98 146 462 8 0 
-46 -89 212 533 11 0 
-63 -81 82 263 25 0 
-25 -12 202 532 13 0 
30 85 260 546 1 0 
72 -49 285 499 14 0 
-29 -16 283 557 20 0 
72 -39 261 596 1 0 
-43 -67 241 590 13 0 
58 77 147 455 7 0 
-72 -38 261 495 24 0 
-31 28 254 439 25 0 
-12 -51 261 543 13 0 
34 19 160 464 18 0 
20 5 235 486 24 0 
3 49 146 486 22 0 
-28 -67 172 366 16 0 
95 -76 225 530 23 0 
-20 88 195 523 2 0 
17 -32 154 353 16 0 
14 67 246 479 7 0 
80 74 162 451 15 0 
97 -94 259 490 8 0 
-25 69 102 393 9 0 
-28 -99 64 300 11 0 
50 30 195 529 4 0 
-71 2 66 410 18 0 
12 -98 158 348 5 0 
-62 -8 97 359 8 0 
56 -70 72 280 15 0 
-31 -31 290 574 11 0 
-43 90 179 433 24 0 
26 -69 147 434 10 0 
-69 52 283 479 24 0 
-54 -13 145 440 16 0 
15 -80 107 328 18 0 
-83 -49 298 548 21 0 
40 -79 180 380 20 0 
-67 44 243 542 6 0 
59 38 76 348 17 0 
1 -67 230 525 17 0 
44 87 70 337 7 0 
57 35 122 321 17 0 
-99 78 160 399 11 0 
99 86 285 518 9 0 
-70 -12 106 306 20 0 
24 -38 287 561 5 0 
-53 -49 78 407 15 0 
95 10 60 317 25 0 
-31 4 91 387 6 0 
47 62 81 406 18 0 
-66 -37 225 529 3 0 
17 -31 122 445 13 0 
-36 75 297 513 13 0 
66 -40 171 460 6 0 
90 -46 284 465 13 0 
-77 49 237 478 20 0 
-52 77 247 561 8 0 
44 -35 223 570 23 0 
7 -10 219 550 14 0 
6 11 193 475 9 0 
-33 98 229 418 5 0 
-16 -52 201 478 19 0 
-2 -45 286 474 15 0 
-66 15 265 618 1 0 
76 -30 222 540 10 0 
-60 -67 125 317 18 0 
-24 -86 188 520 11 0 
98 16 216 450 14 0 
1 -57 262 510 9 0 
68 -78 202 406 5 0 
-9 -86 87 392 7 0 
49 13 218 541 19 0 
-4 -91 145 444 19 0 
89 -18 290 534 2 0 
-17 5 71 355 24 0 
-98 -67 63 316 1 0 
11 -85 170 482 22 0 
-72 -68 82 402 14 0 
62 43 267 532 14 0 
5 56 98 331 2 0 
-65 -53 224 425 20 0 
37 60 104 459 9 0 
-82 34 85 301 14 0 
36 56 212 449 3 0 
-60 80 176 525 12 0 
-68 -63 275 625 7 0 
-66 89 259 474 2 0 
66 -12 234 501 23 0 
6 -0 62 330 24 0 
-65 -44 225 505 12 0 
95 -81 126 308 22 0 
67 -89 107 464 5 0 
90 -91 206 436 17 0 
-42 -73 165 431 13 0 
-14 -25 185 529 18 0 
88 -76 134 336 25 0 
5 65 153 399 19 0 
-48 -14 66 258 13 0 
11 27 214 539 19 0 
-96 30 81 361 15 0 
55 45 115 302 7 0 
-10 79 137 326 17 0 
-34 -80 102 438 2 0 
-53 -61 81 411 14 0 
97 -8 178 460 5 0 
-48 91 96 404 23 0 
70 -52 62 296 10 0 
-37 97 256 532 6 0 
-95 33 282 520 24 0 
-85 -28 92 351 4 0 
-7 -37 209 392 4 0 
-87 -91 135 464 16 0 
63 3 147 380 7 0 
64 -56 83 328 13 0 
88 69 292 650 22 0 
-4 80 131 447 4 0 
-66 -98 289 577 16 0 
47 -92 234 512 17 0 
24 -64 282 494 6 0 
47 5 153 428 22 0 
-71 87 154 481 1 0 
27 75 149 415 3 0 
77 -49 124 400 13 0 
-18 -31 131 488 14 0 
81 20 123 351 13 0 
96 -89 263 443 22 0 
47 93 77 331 24 0 
38 57 241 568 3 0 
20 -68 277 605 1 0 
-67 -71 129 370 10 0 
2 -18 117 434 23 0 
-65 -14 238 421 15 0 
-51 8 230 446 5 0 
98 60 276 580 24 0 
-42 -98 233 535 15 0 
-66 -98 125 355 11 0 
-97 -54 168 353 13 0 
13 -13 296 538 11 0 
89 41 231 458 15 0 
28 -8 250 604 22 0 
30 -37 170 480 14 0 
-2 16 260 561 9 0 
46 -68 107 466 17 0 
-1 90 288 487 1 0 
-81 82 164 348 22 0 
91 -73 73 414 21 0 
-12 86 229 497 21 0 
22 -38 160 495 4 0 
98 -31 211 394 9 0 
99 72 266 540 9 0 
-79 -5 126 337 21 0 
-96 -66 245 457 19 0 
-41 -70 170 434 19 0 
33 40 168 388 3 0 
-10 -29 80 383 7 0 
-24 0 60 330 11 0 
29 41 248 451 14 0 
-2 -50 95 278 6 0 
65 -86 248 458 25 0 
-16 -56 223 449 7 0 
-57 -98 218 507 17 0 
-56 16 98 369 5 0 
15 -76 161 382 5 0 
-75 58 171 358 17 0 
96 62 233 417 18 0 
-93 -43 258 563 10 0 
64 -80 109 407 23 0 
-69 23 174 471 6 0 
55 -25 147 409 1 0 
-80 90 275 616 9 0 
56 -49 71 330 17 0 
-57 -74 221 480 14 0 
53 -39 227 475 6 0 
81 -0 165 371 22 0 
32 55 124 462 3 0 
-48 54 91 333 1 0 
23 -73 202 458 21 0 
-11 68 125 370 12 0 
-68 58 62 373 23 0 
73 -97 267 471 19 0 
30 82 177 421 16 0 
93 -68 179 530 8 0 
75 -1 253 532 9 0 
80 -17 235 491 5 0 
-13 73 74 419 2 0 
-86 3 196 416 18 0 
-80 17 276 530 25 0 
-17 78 92 281 22 0 
12 -81 194 382 7 0 
19 -81 282 520 9 0 
44 -25 0 
-32 14 0 
37 13 0 
-15 12 0 
0 0 0 
32 200 0