70 -29 146 281 25 0 
-79 74 84 204 13 0 
97 -85 333 446 19 0 
68 -19 445 609 14 0 
-87 91 449 618 16 0 
-27 1 231 339 14 0 
49 40 109 276 4 0 
93 62 147 275 14 0 
66 -43 254 371 11 0 
77 98 111 237 20 0 
-60 86 116 254 20 0 
79 -50 147 315 14 0 
64 14 91 263 14 0 
94 54 67 192 23 0 
-52 66 268 375 23 0 
15 8 93 230 23 0 
35 -64 316 422 7 0 
23 83 74 213 12 0 
-11 10 217 394 23 0 
64 39 433 595 23 0 
-70 -90 113 260 12 0 
-87 68 145 240 3 0 
27 -34 437 594 20 0 
-53 46 413 554 9 0 
-95 -1 90 248 3 0 
19 74 402 494 13 0 
-26 -12 100 257 24 0 
19 74 437 553 9 0 
-95 60 72 247 13 0 
48 -11 292 471 23 0 
42 -4 462 633 17 0 
43 61 297 425 24 0 
29 -98 179 323 7 0 
42 -69 330 458 14 0 
-45 29 161 293 20 0 
-9 -86 432 579 23 0 
3 33 422 555 5 0 
85 -79 259 364 18 0 
57 80 258 388 5 0 
96 57 356 535 18 0 
91 -41 214 316 20 0 
9 93 158 256 19 0 
63 94 228 405 2 0 
77 47 359 514 17 0 
-36 -47 117 248 9 0 
-72 23 153 286 1 0 
-78 -50 350 470 18 0 
4 -89 136 287 1 0 
0 92 410 584 12 0 
-76 47 155 259 20 0 
83 -95 141 287 2 0 
93 52 239 411 5 0 
59 22 183 321 16 0 
-77 -94 474 620 8 0 
34 -85 472 575 21 0 
-55 -62 143 248 25 0 
-98 -73 141 318 7 0 
-73 -18 339 483 1 0 
-13 37 80 189 21 0 
82 -16 418 538 5 0 
19 73 172 313 16 0 
-97 57 427 601 13 0 
57 -82 276 456 1 0 
-82 47 78 215 5 0 
44 -40 230 391 8 0 
95 -2 411 524 15 0 
-8 -84 137 254 5 0 
66 -86 99 278 2 0 
66 -78 387 513 22 0 
40 90 284 396 21 0 
3 -41 255 379 6 0 
62 93 168 290 23 0 
-88 48 470 605 20 0 
-35 69 369 545 22 0 
48 21 314 470 6 0 
-87 53 212 383 10 0 
-33 28 447 585 15 0 
-81 -82 149 294 2 0 
92 -10 273 435 16 0 
70 -85 78 222 24 0 
35 40 233 358 18 0 
-54 90 312 438 19 0 
35 33 443 556 17 0 
-33 -83 426 525 6 0 
42 -55 194 368 1 0 
-94 -36 240 383 20 0 
89 42 99 264 20 0 
-57 65 141 318 24 0 
-78 80 261 407 17 0 
23 24 87 262 13 0 
79 96 146 323 14 0 
-63 -5 458 616 10 0 
93 8 269 377 14 0 
-13 93 119 245 16 0 
-50 -72 403 500 24 0 
-84 -67 167 297 25 0 
44 41 147 291 22 0 
-62 65 262 364 19 0 
56 40 449 616 7 0 
60 -71 364 526 16 0 
59 -28 202 316 4 0 
27 10 94 258 23 0 
-11 55 176 301 20 0 
15 -71 446 554 3 0 
2 -68 422 591 14 0 
58 48 397 563 19 0 
-68 85 260 435 15 0 
61 -70 121 259 7 0 
26 69 156 312 21 0 
62 -59 435 576 16 0 
65 -79 449 544 20 0 
28 -57 252 417 18 0 
-70 -80 317 448 23 0 
88 -62 235 393 16 0 
90 65 323 500 12 0 
50 43 95 222 19 0 
63 15 84 207 22 0 
-96 -76 174 343 8 0 
-6 -8 288 419 12 0 
-88 36 249 391 11 0 
57 74 337 479 21 0 
75 -22 134 249 20 0 
22 -58 283 407 3 0 
-80 -68 126 221 5 0 
77 55 474 586 4 0 
44 29 376 504 11 0 
31 34 467 624 12 0 
-53 30 171 285 7 0 
-29 -67 200 326 9 0 
55 -74 189 332 16 0 
-25 35 349 446 17 0 
20 20 407 533 16 0 
46 -91 462 592 13 0 
-66 -46 305 445 23 0 
75 -35 275 399 3 0 
36 60 340 462 7 0 
61 97 99 193 7 0 
81 81 452 614 19 0 
-49 -60 316 408 4 0 
44 -53 166 331 25 0 
37 -68 315 481 25 0 
-53 -23 408 521 19 0 
-57 44 304 435 17 0 
39 -95 387 521 15 0 
-91 -65 416 564 25 0 
8 65 297 449 13 0 
75 89 296 404 21 0 
99 -49 349 476 12 0 
-23 95 373 514 14 0 
-79 -22 401 525 3 0 
15 95 404 501 8 0 
-84 -0 348 482 6 0 
91 69 105 212 7 0 
-60 81 191 350 18 0 
17 56 282 376 9 0 
-66 -41 257 368 21 0 
-4 9 263 431 3 0 
-6 85 427 538 21 0 
-75 97 464 574 21 0 
7 40 280 436 8 0 
-52 99 345 517 22 0 
89 21 311 421 16 0 
-29 -36 315 489 8 0 
19 -61 256 400 20 0 
83 -44 397 498 24 0 
-81 -88 84 180 3 0 
15 38 162 280 2 0 
71 46 74 183 15 0 
58 92 313 404 22 0 
-34 -90 78 172 6 0 
4 90 304 451 22 0 
-79 43 467 578 4 0 
79 -61 428 574 10 0 
-97 4 246 368 16 0 
-71 18 450 573 5 0 
-63 50 448 549 10 0 
70 97 82 253 19 0 
98 -21 267 416 16 0 
90 89 246 404 2 0 
-89 -86 160 256 19 0 
54 31 361 535 21 0 
-47 -99 173 287 23 0 
77 -32 347 448 20 0 
-50 44 94 260 11 0 
-24 -41 388 530 22 0 
-79 52 387 555 2 0 
21 -51 74 236 20 0 
57 68 426 602 2 0 
-34 -70 197 354 16 0 
-42 92 262 407 2 0 
43 -18 248 375 12 0 
-68 28 351 450 22 0 
79 99 468 563 10 0 
73 2 334 480 16 0 
-8 41 211 350 7 0 
56 -85 306 454 4 0 
65 15 255 403 20 0 
89 0 456 610 6 0 
-86 -15 466 623 18 0 
-75 30 294 415 23 0 
28 64 249 354 22 0 
-88 20 271 390 9 0 
68 47 205 299 25 0 
-67 -58 230 366 3 0 
84 -23 159 283 6 0 
-14 82 107 268 20 0 
-40 -74 447 600 16 0 
-24 78 265 408 10 0 
-28 -84 199 294 9 0 
64 -26 292 447 25 0 
85 -52 304 424 4 0 
-79 45 236 382 19 0 
-5 88 212 365 10 0 
-78 49 273 407 4 0 
-63 73 264 357 20 0 
-3 -99 373 509 2 0 
7 -5 309 425 1 0 
19 -27 241 412 15 0 
44 -16 122 280 9 0 
72 -74 194 346 20 0 
-16 37 235 364 8 0 
94 92 361 505 15 0 
56 -84 372 488 3 0 
68 26 378 526 17 0 
-99 28 289 468 25 0 
-45 50 377 544 16 0 
3 92 62 156 20 0 
20 -69 347 453 20 0 
-40 -77 120 252 21 0 
-57 -72 220 338 23 0 
56 65 213 379 19 0 
69 80 389 493 5 0 
90 -9 169 289 16 0 
-97 65 128 304 18 0 
42 31 292 458 21 0 
-73 21 225 334 11 0 
-85 -27 455 624 8 0 
49 -89 78 217 12 0 
35 -19 133 226 17 0 
-61 37 66 157 2 0 
42 -45 210 335 5 0 
92 -94 293 453 8 0 
24 -60 329 420 14 0 
-59 -77 219 338 23 0 
90 30 168 322 2 0 
-12 88 357 524 6 0 
55 16 328 436 24 0 
27 98 91 267 16 0 
-3 -65 73 202 14 0 
98 -38 366 512 24 0 
32 79 473 589 19 0 
28 68 189 301 12 0 
18 -32 270 413 5 0 
-6 -77 333 503 5 0 
-11 64 72 221 10 0 
51 -85 199 372 1 0 
36 -22 397 519 20 0 
-67 -98 189 283 2 0 
-80 -3 92 239 13 0 
87 -2 470 579 3 0 
-57 2 131 237 19 0 
75 74 164 262 14 0 
73 3 194 350 12 0 
68 74 284 389 12 0 
-27 -38 172 278 7 0 
81 89 104 281 9 0 
78 -45 215 389 16 0 
23 -92 331 501 13 0 
-83 16 312 472 10 0 
-67 94 265 371 11 0 
7 -49 140 257 18 0 
-83 73 209 378 18 0 
94 -64 83 229 4 0 
84 28 109 271 5 0 
71 -95 81 261 16 0 
-32 -64 282 431 18 0 
-42 37 111 268 21 0 
-27 -72 195 344 8 0 
13 -61 255 410 13 0 
88 54 368 464 19 0 
-68 -71 118 208 22 0 
-97 9 335 431 2 0 
-81 -61 212 308 5 0 
86 -37 282 446 5 0 
18 29 244 356 18 0 
-50 95 105 212 8 0 
51 13 101 238 24 0 
-63 -54 259 383 9 0 
-97 23 85 216 1 0 
-6 28 245 398 16 0 
10 -92 385 532 7 0 
-45 -3 229 379 14 0 
81 47 194 322 2 0 
-44 -58 290 445 15 0 
55 -22 128 299 11 0 
84 -75 66 162 6 0 
84 68 183 286 3 0 
34 -40 220 373 22 0 
-89 -7 367 544 13 0 
-61 40 439 557 19 0 
-24 -11 229 327 3 0 
64 -53 339 479 10 0 
-0 83 239 331 10 0 
-57 -52 192 290 11 0 
49 34 181 284 13 0 
-9 -93 348 487 11 0 
32 -19 302 419 23 0 
-88 -56 161 282 9 0 
-80 -91 389 492 16 0 
95 66 466 563 16 0 
80 70 207 299 18 0 
-15 86 332 469 18 0 
-36 58 379 511 16 0 
42 -68 194 310 10 0 
-50 87 86 257 2 0 
-71 -23 295 408 20 0 
92 35 384 556 16 0 
48 35 293 454 11 0 
11 -71 381 542 12 0 
-14 64 237 370 23 0 
-23 40 428 564 20 0 
-0 53 331 480 24 0 
-53 73 183 347 6 0 
-36 -99 445 549 9 0 
33 -93 112 282 17 0 
-98 -35 426 577 17 0 
94 -46 479 656 24 0 
15 26 443 573 17 0 
12 27 309 419 9 0 
-77 -31 403 553 7 0 
62 72 407 525 10 0 
87 8 365 484 10 0 
-94 70 382 547 5 0 
43 41 223 319 21 0 
-70 31 296 398 21 0 
80 27 397 569 23 0 
8 93 356 447 3 0 
92 -52 275 437 12 0 
72 16 422 557 20 0 
97 -23 268 367 15 0 
36 47 330 508 4 0 
7 -71 153 321 12 0 
-43 42 143 281 5 0 
-83 90 265 403 10 0 
1 94 257 362 19 0 
40 -1 68 243 12 0 
-18 96 261 353 16 0 
68 32 244 374 7 0 
65 95 300 472 7 0 
22 73 94 245 20 0 
52 17 233 391 6 0 
73 77 400 518 8 0 
-92 -90 261 400 6 0 
41 -58 348 509 9 0 
96 -23 291 430 1 0 
-74 -94 146 294 1 0 
-0 -87 85 223 8 0 
38 1 251 359 15 0 
61 -2 175 336 22 0 
-73 -4 191 367 18 0 
2 4 0 
21 -8 0 
-43 -18 0 
-10 -37 0 
0 0 0 
40 200 0