70 -29 196 291 2 0 
-79 74 227 355 3 0 
97 -85 281 394 12 0 
68 -19 289 415 23 0 
-87 91 397 518 17 0 
-27 1 446 557 14 0 
49 40 213 311 11 0 
93 62 299 465 24 0 
66 -43 79 212 1 0 
77 98 250 393 24 0 
-60 86 163 290 19 0 
79 -50 231 409 5 0 
64 14 179 283 21 0 
94 54 155 334 3 0 
-52 66 150 249 4 0 
15 8 442 585 13 0 
35 -64 355 466 7 0 
23 83 295 423 21 0 
-11 10 479 588 4 0 
64 39 102 201 25 0 
-70 -90 254 371 23 0 
-87 68 121 293 17 0 
27 -34 416 508 22 0 
-53 46 107 229 2 0 
-95 -1 253 397 22 0 
19 74 467 587 18 0 
-26 -12 429 573 13 0 
19 74 427 552 1 0 
-95 60 427 585 15 0 
48 -11 152 249 20 0 
42 -4 190 324 10 0 
43 61 350 460 5 0 
29 -98 262 382 22 0 
42 -69 125 303 25 0 
-45 29 301 405 7 0 
-9 -86 280 374 10 0 
3 33 261 353 16 0 
85 -79 364 511 10 0 
57 80 134 302 18 0 
96 57 293 471 7 0 
91 -41 110 250 22 0 
9 93 249 376 3 0 
63 94 128 287 14 0 
77 47 401 529 9 0 
-36 -47 396 528 25 0 
-72 23 98 256 22 0 
-78 -50 384 487 22 0 
4 -89 457 586 3 0 
0 92 71 246 21 0 
-76 47 117 271 5 0 
83 -95 189 325 21 0 
93 52 399 541 24 0 
59 22 85 214 25 0 
-77 -94 360 482 4 0 
34 -85 277 429 7 0 
-55 -62 384 514 2 0 
-98 -73 440 541 17 0 
-73 -18 104 260 23 0 
-13 37 269 436 22 0 
82 -16 90 242 7 0 
19 73 98 243 1 0 
-97 57 370 473 16 0 
57 -82 431 573 1 0 
-82 47 171 327 24 0 
44 -40 330 494 14 0 
95 -2 291 459 8 0 
-8 -84 302 468 24 0 
66 -86 457 618 19 0 
66 -78 149 306 8 0 
40 90 189 316 4 0 
3 -41 453 601 17 0 
62 93 164 272 4 0 
-88 48 139 270 8 0 
-35 69 93 215 10 0 
48 21 353 461 2 0 
-87 53 229 392 17 0 
-33 28 378 496 9 0 
-81 -82 103 254 16 0 
92 -10 110 262 12 0 
70 -85 465 592 19 0 
35 40 141 266 12 0 
-54 90 394 491 16 0 
35 33 332 497 2 0 
-33 -83 183 357 14 0 
42 -55 222 337 13 0 
-94 -36 362 459 17 0 
89 42 475 636 17 0 
-57 65 452 558 2 0 
-78 80 260 404 6 0 
23 24 367 532 12 0 
79 96 206 353 23 0 
-63 -5 376 522 2 0 
93 8 235 379 16 0 
-13 93 147 305 22 0 
-50 -72 70 228 7 0 
-84 -67 117 265 15 0 
44 41 352 443 23 0 
-62 65 99 226 15 0 
56 40 180 299 22 0 
60 -71 408 518 1 0 
59 -28 97 249 1 0 
27 10 200 314 8 0 
-11 55 145 257 25 0 
15 -71 427 558 22 0 
2 -68 440 576 20 0 
58 48 218 393 16 0 
-68 85 252 407 6 0 
61 -70 65 194 19 0 
26 69 111 284 21 0 
62 -59 367 517 2 0 
65 -79 426 586 19 0 
28 -57 204 353 11 0 
-70 -80 355 513 14 0 
88 -62 311 432 21 0 
90 65 192 342 5 0 
50 43 302 439 9 0 
63 15 453 573 17 0 
-96 -76 137 266 12 0 
-6 -8 278 414 18 0 
-88 36 320 485 21 0 
57 74 70 184 3 0 
75 -22 62 218 14 0 
22 -58 342 497 22 0 
-80 -68 419 559 15 0 
77 55 332 470 14 0 
44 29 166 269 11 0 
31 34 295 419 20 0 
-53 30 355 447 16 0 
-29 -67 254 391 5 0 
55 -74 62 194 4 0 
-25 35 395 505 20 0 
20 20 361 532 21 0 
46 -91 394 565 15 0 
-66 -46 64 237 11 0 
75 -35 173 344 20 0 
36 60 332 489 10 0 
61 97 132 233 14 0 
81 81 345 507 23 0 
-49 -60 153 320 4 0 
44 -53 297 436 20 0 
37 -68 198 330 25 0 
-53 -23 277 432 8 0 
-57 44 94 224 7 0 
39 -95 97 190 4 0 
-91 -65 136 274 1 0 
8 65 409 569 23 0 
75 89 240 405 20 0 
99 -49 126 235 22 0 
-23 95 431 570 6 0 
-79 -22 339 456 24 0 
15 95 439 603 16 0 
-84 -0 314 429 11 0 
91 69 464 591 1 0 
-60 81 365 485 23 0 
17 56 209 333 2 0 
-66 -41 121 259 16 0 
-4 9 244 377 16 0 
-6 85 105 195 2 0 
-75 97 277 381 20 0 
7 40 465 591 7 0 
-52 99 276 408 17 0 
89 21 356 502 4 0 
-29 -36 398 520 23 0 
19 -61 275 392 12 0 
83 -44 293 414 18 0 
-81 -88 332 425 2 0 
15 38 74 193 7 0 
71 46 138 236 14 0 
58 92 298 429 24 0 
-34 -90 375 466 25 0 
4 90 437 598 3 0 
-79 43 400 576 7 0 
79 -61 187 338 3 0 
-97 4 306 400 4 0 
-71 18 273 400 12 0 
-63 50 179 338 22 0 
70 97 115 205 1 0 
98 -21 353 509 19 0 
90 89 414 567 16 0 
-89 -86 479 589 15 0 
54 31 84 248 9 0 
-47 -99 177 285 23 0 
77 -32 370 493 25 0 
-50 44 182 313 19 0 
-24 -41 333 482 15 0 
-79 52 343 439 13 0 
21 -51 344 520 10 0 
57 68 185 328 20 0 
-34 -70 201 377 18 0 
-42 92 280 435 4 0 
43 -18 73 241 22 0 
-68 28 279 385 3 0 
79 99 269 375 10 0 
73 2 200 316 25 0 
-8 41 472 623 16 0 
56 -85 111 281 13 0 
65 15 464 584 11 0 
89 0 139 259 15 0 
-86 -15 289 401 8 0 
-75 30 215 327 16 0 
28 64 324 502 23 0 
-88 20 159 255 24 0 
68 47 407 503 1 0 
-67 -58 425 564 10 0 
84 -23 416 516 1 0 
-14 82 412 561 13 0 
-40 -74 115 254 11 0 
-24 78 231 348 14 0 
-28 -84 376 534 6 0 
64 -26 132 282 25 0 
85 -52 91 198 12 0 
-79 45 353 517 21 0 
-5 88 393 494 24 0 
-78 49 324 478 4 0 
-63 73 137 274 23 0 
-3 -99 234 351 16 0 
7 -5 386 536 13 0 
19 -27 240 389 15 0 
44 -16 299 428 17 0 
72 -74 135 308 22 0 
-16 37 186 357 15 0 
94 92 287 398 6 0 
56 -84 207 307 8 0 
68 26 373 463 7 0 
-99 28 260 394 23 0 
-45 50 173 339 16 0 
3 92 231 332 24 0 
20 -69 269 437 9 0 
-40 -77 129 307 17 0 
-57 -72 454 572 20 0 
56 65 409 585 10 0 
69 80 153 326 23 0 
90 -9 123 288 6 0 
-97 65 128 288 8 0 
42 31 260 430 13 0 
-73 21 353 479 4 0 
-85 -27 300 392 19 0 
49 -89 188 287 15 0 
35 -19 192 339 19 0 
-61 37 319 444 15 0 
42 -45 344 443 13 0 
92 -94 262 387 1 0 
24 -60 79 194 3 0 
-59 -77 316 425 7 0 
90 30 181 361 18 0 
-12 88 354 471 22 0 
55 16 96 217 6 0 
27 98 203 344 22 0 
-3 -65 476 585 5 0 
98 -38 479 593 15 0 
32 79 313 446 20 0 
28 68 298 427 7 0 
18 -32 129 302 16 0 
-6 -77 467 612 2 0 
-11 64 427 577 11 0 
51 -85 143 235 17 0 
36 -22 269 393 4 0 
-67 -98 79 224 1 0 
-80 -3 329 456 12 0 
87 -2 64 163 7 0 
-57 2 170 272 5 0 
75 74 476 650 10 0 
73 3 142 308 7 0 
68 74 95 207 18 0 
-27 -38 97 237 13 0 
81 89 268 429 13 0 
78 -45 453 574 15 0 
23 -92 320 410 2 0 
-83 16 287 396 17 0 
-67 94 61 214 9 0 
7 -49 432 568 24 0 
-83 73 195 292 10 0 
94 -64 152 245 19 0 
84 28 277 457 5 0 
71 -95 239 403 16 0 
-32 -64 313 461 12 0 
-42 37 231 366 24 0 
-27 -72 293 387 8 0 
13 -61 175 317 4 0 
88 54 98 219 11 0 
-68 -71 271 425 19 0 
-97 9 444 565 12 0 
-81 -61 302 451 21 0 
86 -37 297 455 8 0 
18 29 440 535 24 0 
-50 95 69 230 12 0 
51 13 363 465 1 0 
-63 -54 69 231 3 0 
-97 23 86 230 21 0 
-6 28 100 212 20 0 
10 -92 418 513 20 0 
-45 -3 247 412 15 0 
81 47 169 302 14 0 
-44 -58 176 277 24 0 
55 -22 367 522 19 0 
84 -75 241 337 21 0 
84 68 232 406 24 0 
34 -40 262 401 18 0 
-89 -7 372 509 11 0 
-61 40 247 379 19 0 
-24 -11 395 523 7 0 
64 -53 198 331 8 0 
-0 83 247 379 6 0 
-57 -52 393 517 11 0 
49 34 315 426 11 0 
-9 -93 480 612 24 0 
32 -19 261 440 25 0 
-88 -56 410 556 19 0 
-80 -91 259 425 22 0 
95 66 467 628 23 0 
80 70 315 414 21 0 
-15 86 154 317 8 0 
-36 58 175 296 16 0 
42 -68 404 534 11 0 
-50 87 433 608 22 0 
-71 -23 280 456 14 0 
92 35 326 467 11 0 
48 35 213 382 13 0 
11 -71 149 262 12 0 
-14 64 418 535 25 0 
-23 40 430 527 12 0 
-0 53 361 525 7 0 
-53 73 203 327 15 0 
-36 -99 359 497 16 0 
33 -93 414 518 8 0 
-98 -35 110 244 17 0 
94 -46 267 416 5 0 
15 26 74 242 20 0 
12 27 126 292 16 0 
-77 -31 472 592 1 0 
62 72 92 205 21 0 
87 8 400 509 13 0 
-94 70 313 470 12 0 
43 41 227 334 3 0 
-70 31 321 413 13 0 
80 27 223 319 4 0 
8 93 119 216 6 0 
92 -52 192 328 6 0 
72 16 65 229 10 0 
97 -23 199 323 7 0 
36 47 460 552 20 0 
7 -71 383 486 23 0 
-43 42 61 195 1 0 
-83 90 315 443 1 0 
1 94 238 394 21 0 
40 -1 272 380 15 0 
-18 96 265 384 17 0 
68 32 110 233 24 0 
65 95 413 543 2 0 
22 73 398 555 7 0 
52 17 137 274 22 0 
73 77 82 207 23 0 
-92 -90 229 331 25 0 
41 -58 234 356 18 0 
96 -23 205 313 2 0 
-74 -94 129 277 20 0 
-0 -87 101 213 11 0 
38 1 296 469 10 0 
61 -2 347 487 15 0 
-73 -4 378 508 21 0 
-60 81 475 642 16 0 
60 -30 451 556 24 0 
85 -28 100 219 17 0 
62 34 160 272 16 0 
83 -9 169 277 2 0 
82 29 410 538 4 0 
42 90 470 583 14 0 
63 -83 141 313 17 0 
57 44 350 456 9 0 
-7 15 359 476 9 0 
64 93 207 316 21 0 
80 -79 479 651 16 0 
-48 61 181 302 5 0 
46 296 326 428 1 0 
-20 -33 164 310 1 0 
-6 78 329 444 19 0 
68 91 148 246 3 0 
42 -20 190 326 6 0 
71 -32 123 216 15 0 
16 -74 208 328 13 0 
16 68 458 588 22 0 
-84 28 257 427 7 0 
-90 73 466 636 24 0 
-77 63 173 330 12 0 
20 46 267 365 17 0 
28 43 401 577 18 0 
-33 -30 278 413 3 0 
-16 -76 462 570 10 0 
-64 26 153 266 7 0 
-22 -69 199 359 12 0 
12 -95 63 210 11 0 
87 33 324 420 9 0 
-77 -96 280 429 22 0 
-39 45 221 359 22 0 
-35 10 270 414 16 0 
-65 -65 304 474 11 0 
-83 86 89 181 23 0 
-68 46 170 298 23 0 
58 42 112 286 6 0 
-60 -4 306 457 22 0 
-28 90 296 447 20 0 
-36 81 117 232 18 0 
5 -95 277 420 8 0 
47 -24 363 481 13 0 
59 69 137 231 8 0 
-60 81 387 513 21 0 
96 -91 459 627 3 0 
-40 -59 233 400 3 0 
92 48 122 291 8 0 
-99 -50 156 257 13 0 
-57 86 379 520 8 0 
-2 53 421 600 13 0 
-18 26 162 312 2 0 
86 -91 404 514 11 0 
-62 -85 477 649 22 0 
-22 5 95 190 10 0 
-98 -67 266 368 24 0 
-4 -94 468 571 13 0 
1 -44 246 351 10 0 
71 -85 341 449 8 0 
-26 56 443 537 10 0 
80 -74 238 389 12 0 
-53 -19 361 508 11 0 
30 -62 442 584 5 0 
-56 -51 328 459 9 0 
64 -10 470 629 10 0 
-0 -33 411 553 20 0 
67 76 229 333 19 0 
44 -94 85 257 8 0 
-15 -12 133 307 9 0 
85 45 247 352 16 0 
16 -18 114 243 7 0 
-91 -14 225 332 10 0 
-67 -2 402 566 10 0 
93 -90 188 357 23 0 
69 -41 130 296 22 0 
-19 75 461 632 12 0 
-27 17 185 314 7 0 
-35 45 377 534 21 0 
-90 -14 72 201 18 0 
-74 86 121 294 20 0 
96 -15 303 432 25 0 
-45 -55 176 296 3 0 
-35 -29 155 254 16 0 
-14 80 181 332 12 0 
-77 78 352 484 14 0 
-28 3 443 543 9 0 
55 84 256 373 22 0 
65 -36 163 271 19 0 
52 -25 151 300 19 0 
-85 -75 303 394 5 0 
-90 -90 97 194 5 0 
93 -16 81 179 18 0 
33 61 144 293 25 0 
-75 84 196 328 10 0 
-45 -78 447 570 11 0 
49 -38 206 381 25 0 
57 -44 143 261 8 0 
97 10 222 358 18 0 
41 41 293 395 10 0 
-77 -54 303 441 10 0 
-2 58 317 466 6 0 
26 -63 405 504 3 0 
-83 -42 289 423 20 0 
69 66 210 327 9 0 
-57 -95 417 590 6 0 
-88 48 157 328 4 0 
-18 -81 91 202 6 0 
45 -87 175 307 22 0 
85 -27 444 546 7 0 
-41 -79 212 384 16 0 
21 -18 367 515 15 0 
1 53 202 363 22 0 
23 78 356 479 2 0 
77 -93 79 235 4 0 
21 -81 103 247 2 0 
34 77 451 551 6 0 
-93 73 164 288 14 0 
-84 -85 63 156 16 0 
-50 -81 178 313 2 0 
2 4 0 
21 -8 0 
-43 -18 0 
-10 -37 0 
0 0 0 
52 195 0