64 48 295 627 2 0 
-84 74 157 379 18 0 
-66 -28 290 503 2 0 
-9 -50 233 501 1 0 
47 79 165 488 3 0 
90 -8 177 514 7 0 
-88 61 93 398 11 0 
44 -63 157 419 10 0 
57 75 145 361 3 0 
42 -86 300 541 14 0 
-64 -81 81 395 14 0 
-70 58 290 605 4 0 
-83 19 108 380 21 0 
8 -63 299 615 3 0 
28 96 297 502 9 0 
91 46 251 592 25 0 
22 94 78 261 23 0 
85 -47 287 485 3 0 
-98 70 181 517 21 0 
-75 -60 149 358 17 0 
-28 28 294 602 4 0 
35 84 226 513 6 0 
-36 -76 131 460 18 0 
33 29 264 548 24 0 
24 98 210 489 24 0 
-20 72 64 377 15 0 
-29 -52 162 346 4 0 
-72 -82 119 437 11 0 
-4 -34 212 444 3 0 
50 12 95 385 19 0 
2 65 191 468 20 0 
82 -49 242 539 12 0 
30 -89 131 366 17 0 
89 79 230 455 19 0 
-77 -3 258 574 11 0 
0 52 60 267 22 0 
-85 -92 192 535 10 0 
93 -22 195 447 1 0 
25 57 60 310 25 0 
21 -91 164 493 15 0 
-61 -17 243 565 14 0 
79 98 150 482 24 0 
68 80 242 542 12 0 
2 -81 138 482 22 0 
-73 -96 279 623 9 0 
0 19 241 558 20 0 
80 -95 187 484 22 0 
-73 32 145 406 3 0 
-16 -59 284 472 11 0 
-32 -18 92 423 6 0 
98 -51 189 493 8 0 
63 -20 286 524 12 0 
-90 24 297 509 12 0 
44 -83 179 391 17 0 
-38 -49 213 481 15 0 
74 -64 78 367 17 0 
-45 -5 224 508 20 0 
-95 56 162 439 3 0 
-31 51 227 409 4 0 
-15 78 114 463 17 0 
75 49 116 303 3 0 
81 -18 283 638 2 0 
-69 0 160 508 20 0 
67 92 67 259 22 0 
-60 92 241 553 20 0 
88 87 144 428 1 0 
24 12 159 396 20 0 
-32 94 255 575 19 0 
49 -73 264 515 18 0 
-79 77 243 447 24 0 
-25 -50 72 349 17 0 
-65 -88 288 480 16 0 
-34 -80 104 370 13 0 
-11 -40 76 336 7 0 
-27 18 72 375 8 0 
67 -33 200 460 14 0 
23 -0 147 408 21 0 
98 -19 261 555 19 0 
-79 71 254 561 18 0 
58 -93 235 455 14 0 
-35 27 125 354 1 0 
-98 -62 228 419 12 0 
15 33 269 522 17 0 
51 -97 87 354 21 0 
35 -52 235 498 16 0 
-87 -77 195 496 11 0 
-16 -66 265 622 3 0 
-79 29 284 507 4 0 
93 -43 153 464 6 0 
-90 -13 192 552 10 0 
-73 -29 147 500 22 0 
71 -59 277 517 1 0 
-78 63 237 447 23 0 
10 89 243 484 1 0 
-69 25 290 617 23 0 
22 87 168 367 10 0 
-75 69 209 518 9 0 
-67 60 114 445 20 0 
54 -23 217 406 10 0 
64 40 103 346 12 0 
39 -75 60 284 5 0 
60 73 130 356 13 0 
-35 -74 139 386 12 0 
-86 19 70 254 14 0 
43 45 219 458 11 0 
-86 50 85 386 23 0 
56 -73 253 605 23 0 
-16 40 269 559 23 0 
-1 -19 114 341 25 0 
-66 -16 212 437 19 0 
15 -18 80 293 24 0 
98 12 291 510 20 0 
-86 -67 137 358 2 0 
96 39 82 367 19 0 
-25 28 101 294 4 0 
59 14 200 444 22 0 
20 8 296 609 5 0 
41 -60 62 391 11 0 
-44 17 177 463 22 0 
-61 -18 183 399 4 0 
-96 -52 87 364 4 0 
-73 -23 165 366 6 0 
-7 83 71 366 7 0 
-82 -60 216 457 9 0 
-11 -51 216 406 21 0 
91 -56 253 547 8 0 
-55 49 131 387 3 0 
-33 97 119 396 9 0 
-68 65 280 584 24 0 
69 -43 291 590 23 0 
-57 60 179 467 21 0 
58 37 267 509 16 0 
60 -11 251 535 25 0 
98 -4 223 541 20 0 
-88 -55 222 497 12 0 
50 -47 136 387 24 0 
70 -69 260 553 5 0 
55 -29 186 487 3 0 
-83 -2 139 380 6 0 
33 -43 139 448 4 0 
95 88 250 457 11 0 
68 -77 92 341 19 0 
0 -84 61 408 16 0 
60 50 194 379 14 0 
-60 37 211 409 22 0 
69 -95 98 379 10 0 
-67 -59 276 508 1 0 
-24 37 65 317 17 0 
7 13 171 417 4 0 
31 73 237 483 3 0 
-53 -18 108 449 13 0 
-17 75 149 432 2 0 
79 -84 191 450 20 0 
94 97 182 427 22 0 
96 1 82 283 11 0 
-76 -58 138 458 17 0 
-66 57 281 627 3 0 
4 -19 256 466 4 0 
-11 61 76 315 21 0 
37 0 73 371 17 0 
2 22 252 481 2 0 
-7 -49 71 352 22 0 
-10 82 168 453 13 0 
58 -44 183 381 3 0 
42 -96 274 565 19 0 
13 77 258 536 18 0 
-72 -65 294 635 11 0 
72 -53 140 351 12 0 
98 -15 185 458 10 0 
-36 -98 102 375 9 0 
-46 -89 264 542 5 0 
-63 -81 243 438 7 0 
-25 -12 262 529 15 0 
30 85 207 437 10 0 
72 -49 265 611 12 0 
-29 -16 292 606 7 0 
72 -39 79 431 4 0 
-43 -67 219 508 2 0 
58 77 130 348 5 0 
-72 -38 244 503 21 0 
-31 28 299 571 6 0 
-12 -51 265 465 10 0 
34 19 298 652 19 0 
20 5 220 572 8 0 
3 49 235 449 22 0 
-28 -67 174 484 2 0 
95 -76 155 360 13 0 
-20 88 171 388 8 0 
17 -32 263 508 23 0 
14 67 103 355 11 0 
80 74 188 539 11 0 
97 -94 177 512 22 0 
-25 69 231 509 5 0 
-28 -99 296 637 23 0 
50 30 240 584 1 0 
-71 2 123 372 19 0 
12 -98 64 307 22 0 
-62 -8 209 464 13 0 
56 -70 127 468 11 0 
-31 -31 209 500 4 0 
-43 90 297 488 5 0 
26 -69 108 440 13 0 
-69 52 134 351 3 0 
-54 -13 236 459 4 0 
15 -80 268 533 21 0 
-83 -49 88 278 4 0 
40 -79 84 282 9 0 
-67 44 275 563 23 0 
59 38 91 370 15 0 
1 -67 93 377 24 0 
44 87 86 343 17 0 
57 35 163 503 11 0 
-99 78 149 338 2 0 
99 86 158 414 15 0 
-70 -12 150 503 8 0 
24 -38 162 467 21 0 
-53 -49 162 473 22 0 
95 10 214 510 13 0 
-31 4 294 602 13 0 
47 62 196 409 24 0 
-66 -37 132 484 10 0 
17 -31 115 374 18 0 
-36 75 195 381 1 0 
66 -40 126 393 2 0 
90 -46 298 554 5 0 
-77 49 68 347 12 0 
-52 77 297 540 23 0 
44 -35 176 517 13 0 
7 -10 118 476 17 0 
6 11 95 285 20 0 
-33 98 198 495 23 0 
-16 -52 112 332 1 0 
-2 -45 210 446 22 0 
-66 15 119 421 22 0 
76 -30 67 267 20 0 
-60 -67 129 375 4 0 
-24 -86 227 503 14 0 
98 16 211 451 10 0 
1 -57 158 422 16 0 
68 -78 237 523 5 0 
-9 -86 194 551 14 0 
49 13 248 474 25 0 
-4 -91 76 429 7 0 
89 -18 211 539 25 0 
-17 5 228 509 2 0 
-98 -67 278 601 21 0 
11 -85 231 554 10 0 
-72 -68 168 407 15 0 
62 43 99 378 14 0 
5 56 299 549 7 0 
-65 -53 282 564 19 0 
37 60 250 581 11 0 
-82 34 260 471 2 0 
36 56 284 488 3 0 
-60 80 70 407 14 0 
-68 -63 286 624 8 0 
-66 89 169 434 19 0 
66 -12 222 503 24 0 
6 -0 73 263 11 0 
-65 -44 183 513 2 0 
95 -81 63 244 1 0 
67 -89 168 469 8 0 
90 -91 93 282 25 0 
-42 -73 139 431 17 0 
-14 -25 67 290 23 0 
88 -76 65 417 13 0 
5 65 160 375 20 0 
-48 -14 167 435 22 0 
11 27 210 431 6 0 
-96 30 148 469 8 0 
55 45 150 504 19 0 
-10 79 194 493 25 0 
-34 -80 165 448 16 0 
-53 -61 86 441 17 0 
97 -8 156 382 25 0 
-48 91 272 478 3 0 
70 -52 249 562 25 0 
-37 97 209 556 13 0 
-95 33 62 378 13 0 
-85 -28 298 530 2 0 
-7 -37 139 352 5 0 
-87 -91 82 362 17 0 
63 3 259 460 1 0 
64 -56 248 515 10 0 
88 69 260 605 8 0 
-4 80 296 492 16 0 
-66 -98 217 534 16 0 
47 -92 266 455 19 0 
24 -64 283 624 2 0 
47 5 151 410 12 0 
-71 87 263 497 8 0 
27 75 257 455 13 0 
77 -49 251 510 7 0 
-18 -31 109 400 5 0 
81 20 213 459 7 0 
96 -89 119 344 1 0 
47 93 123 315 13 0 
38 57 279 577 12 0 
20 -68 266 475 24 0 
-67 -71 74 293 4 0 
2 -18 116 315 21 0 
-65 -14 253 585 10 0 
-51 8 287 545 22 0 
98 60 138 432 16 0 
-42 -98 289 488 20 0 
-66 -98 288 472 12 0 
-97 -54 300 555 10 0 
13 -13 294 518 25 0 
89 41 202 551 22 0 
28 -8 240 429 3 0 
30 -37 162 400 22 0 
-2 16 300 534 21 0 
46 -68 121 419 12 0 
-1 90 196 477 1 0 
-81 82 230 488 4 0 
91 -73 274 634 14 0 
-12 86 63 287 5 0 
22 -38 98 408 19 0 
98 -31 271 528 9 0 
99 72 123 342 13 0 
-79 -5 69 303 23 0 
-96 -66 162 468 24 0 
-41 -70 158 360 11 0 
33 40 300 647 6 0 
-10 -29 110 432 16 0 
-24 0 197 477 5 0 
29 41 222 553 15 0 
-2 -50 254 586 11 0 
65 -86 191 465 8 0 
-16 -56 118 299 9 0 
-57 -98 113 463 22 0 
-56 16 273 489 18 0 
15 -76 93 292 1 0 
-75 58 99 434 9 0 
96 62 65 386 8 0 
-93 -43 134 365 24 0 
64 -80 291 603 15 0 
-69 23 284 514 1 0 
55 -25 142 325 24 0 
-80 90 117 408 11 0 
56 -49 282 576 23 0 
-57 -74 261 521 6 0 
53 -39 267 607 17 0 
81 -0 111 352 13 0 
32 55 98 288 24 0 
-48 54 268 620 21 0 
23 -73 189 423 23 0 
-11 68 277 573 24 0 
-68 58 81 437 3 0 
73 -97 128 392 1 0 
30 82 238 436 22 0 
93 -68 141 478 23 0 
75 -1 111 468 18 0 
80 -17 203 513 21 0 
-13 73 159 360 6 0 
-86 3 195 420 2 0 
-80 17 181 375 5 0 
-17 78 283 636 18 0 
12 -81 176 500 4 0 
19 -81 222 531 14 0 
-36 -47 245 470 7 0 
21 -55 219 528 2 0 
-83 -33 87 324 17 0 
-68 -2 123 450 12 0 
27 -16 150 362 22 0 
48 -54 135 338 11 0 
-45 -49 180 373 9 0 
-58 77 133 476 3 0 
-59 74 248 561 3 0 
75 73 87 374 21 0 
41 -21 118 450 17 0 
-50 -11 118 368 24 0 
21 -16 160 348 10 0 
-19 -83 134 490 16 0 
-20 67 125 472 18 0 
54 -43 239 501 2 0 
-89 -29 135 326 15 0 
-30 -4 88 387 11 0 
-72 -57 73 355 9 0 
58 -88 228 485 17 0 
47 49 291 518 21 0 
98 1 194 444 17 0 
70 -6 278 464 8 0 
20 -81 283 585 25 0 
80 57 197 407 22 0 
76 -61 154 415 2 0 
17 0 188 447 23 0 
90 -61 208 405 1 0 
58 -98 99 359 24 0 
-18 87 206 409 14 0 
80 -82 258 592 23 0 
22 43 259 531 6 0 
99 -7 191 398 8 0 
-74 -85 251 491 19 0 
31 -99 293 644 8 0 
17 -9 181 527 1 0 
19 -3 246 453 4 0 
9 -31 84 356 13 0 
93 -69 95 305 13 0 
-49 2 99 375 20 0 
84 97 300 543 9 0 
-35 60 62 326 14 0 
27 75 196 423 7 0 
-95 51 250 483 11 0 
90 83 132 364 15 0 
-16 50 207 508 16 0 
91 67 275 620 11 0 
-5 29 142 433 14 0 
24 -56 204 476 12 0 
-15 -73 294 625 4 0 
-5 49 84 429 11 0 
47 37 237 558 19 0 
19 55 157 412 8 0 
76 -37 143 467 7 0 
36 -41 118 470 19 0 
-16 46 109 394 9 0 
-72 -67 164 404 24 0 
11 -71 252 531 20 0 
73 30 294 624 6 0 
-23 94 226 424 1 0 
-62 -59 145 485 10 0 
70 83 80 428 15 0 
-16 -31 131 481 2 0 
-70 -21 156 499 23 0 
2 -18 110 443 2 0 
-73 29 150 422 9 0 
-77 -30 158 423 6 0 
-45 52 90 433 3 0 
-56 -38 267 623 17 0 
-85 -65 62 270 8 0 
-92 -45 138 337 13 0 
-68 20 134 383 22 0 
70 -16 116 387 2 0 
24 -88 267 530 9 0 
-42 11 89 391 5 0 
35 -87 81 339 20 0 
39 44 101 350 18 0 
89 77 290 587 4 0 
63 -99 204 547 5 0 
-56 70 158 390 19 0 
86 48 281 486 2 0 
-26 -10 273 601 18 0 
84 5 101 353 21 0 
22 -82 254 532 18 0 
16 -27 151 437 2 0 
40 50 275 592 20 0 
-28 70 257 469 13 0 
-17 -37 64 363 13 0 
18 68 109 441 14 0 
-31 -77 205 518 23 0 
-92 71 103 347 25 0 
99 -19 196 435 25 0 
83 -92 212 501 20 0 
65 21 130 438 15 0 
-29 -96 285 536 4 0 
66 -57 72 321 17 0 
99 76 221 507 5 0 
-85 -25 76 329 4 0 
-24 -63 235 517 20 0 
-88 28 259 500 11 0 
-39 -27 63 334 5 0 
33 -15 220 483 2 0 
-37 82 67 375 3 0 
-81 -99 219 559 15 0 
16 -96 109 386 22 0 
-31 75 188 544 2 0 
61 -97 224 525 7 0 
57 78 180 466 2 0 
-74 64 202 506 22 0 
-56 -97 210 551 15 0 
8 -41 104 367 22 0 
56 -93 140 360 14 0 
68 70 195 454 25 0 
-5 -42 106 335 7 0 
-3 -44 189 371 10 0 
-81 -70 192 422 24 0 
-13 43 120 412 20 0 
85 55 152 478 2 0 
27 20 295 484 21 0 
81 97 138 469 15 0 
44 -25 0 
-32 14 0 
37 13 0 
-15 12 0 
0 0 0 
44 195 0