70 -29 218 393 16 0 
-79 74 252 407 6 0 
97 -85 65 194 19 0 
68 -19 111 284 21 0 
-87 91 367 517 2 0 
-27 1 426 586 19 0 
49 40 204 353 11 0 
93 62 355 513 14 0 
66 -43 311 432 21 0 
77 98 192 342 5 0 
-60 86 302 439 9 0 
79 -50 453 573 17 0 
64 14 137 266 12 0 
94 54 278 414 18 0 
-52 66 320 485 21 0 
15 8 70 184 3 0 
35 -64 62 218 14 0 
23 83 342 497 22 0 
-11 10 419 559 15 0 
64 39 332 470 14 0 
-70 -90 166 269 11 0 
-87 68 295 419 20 0 
27 -34 355 447 16 0 
-53 46 254 391 5 0 
-95 -1 62 194 4 0 
19 74 395 505 20 0 
-26 -12 361 532 21 0 
19 74 394 565 15 0 
-95 60 64 237 11 0 
48 -11 173 344 20 0 
42 -4 332 489 10 0 
43 61 132 233 14 0 
29 -98 345 507 23 0 
42 -69 153 320 4 0 
-45 29 297 436 20 0 
-9 -86 198 330 25 0 
3 33 277 432 8 0 
85 -79 94 224 7 0 
57 80 97 190 4 0 
96 57 136 274 1 0 
91 -41 409 569 23 0 
9 93 240 405 20 0 
63 94 126 235 22 0 
77 47 431 570 6 0 
-36 -47 339 456 24 0 
-72 23 439 603 16 0 
-78 -50 314 429 11 0 
4 -89 464 591 1 0 
0 92 365 485 23 0 
-76 47 209 333 2 0 
83 -95 121 259 16 0 
93 52 244 377 16 0 
59 22 105 195 2 0 
-77 -94 277 381 20 0 
34 -85 465 591 7 0 
-55 -62 276 408 17 0 
-98 -73 356 502 4 0 
-73 -18 398 520 23 0 
-13 37 275 392 12 0 
82 -16 293 414 18 0 
19 73 332 425 2 0 
-97 57 74 193 7 0 
57 -82 138 236 14 0 
-82 47 298 429 24 0 
44 -40 375 466 25 0 
95 -2 437 598 3 0 
-8 -84 400 576 7 0 
66 -86 187 338 3 0 
66 -78 306 400 4 0 
40 90 273 400 12 0 
3 -41 179 338 22 0 
62 93 115 205 1 0 
-88 48 353 509 19 0 
-35 69 414 567 16 0 
48 21 479 589 15 0 
-87 53 84 248 9 0 
-33 28 177 285 23 0 
-81 -82 370 493 25 0 
92 -10 182 313 19 0 
70 -85 333 482 15 0 
35 40 343 439 13 0 
-54 90 344 520 10 0 
35 33 185 328 20 0 
-33 -83 201 377 18 0 
42 -55 280 435 4 0 
-94 -36 73 241 22 0 
89 42 279 385 3 0 
-57 65 269 375 10 0 
-78 80 200 316 25 0 
23 24 472 623 16 0 
79 96 111 281 13 0 
-63 -5 464 584 11 0 
93 8 139 259 15 0 
-13 93 289 401 8 0 
-50 -72 215 327 16 0 
-84 -67 324 502 23 0 
44 41 159 255 24 0 
-62 65 407 503 1 0 
56 40 425 564 10 0 
60 -71 416 516 1 0 
59 -28 412 561 13 0 
27 10 115 254 11 0 
-11 55 231 348 14 0 
15 -71 376 534 6 0 
2 -68 132 282 25 0 
58 48 91 198 12 0 
-68 85 353 517 21 0 
61 -70 393 494 24 0 
26 69 324 478 4 0 
62 -59 137 274 23 0 
65 -79 234 351 16 0 
28 -57 386 536 13 0 
-70 -80 240 389 15 0 
88 -62 299 428 17 0 
90 65 135 308 22 0 
50 43 186 357 15 0 
63 15 287 398 6 0 
-96 -76 207 307 8 0 
-6 -8 373 463 7 0 
-88 36 260 394 23 0 
57 74 173 339 16 0 
75 -22 231 332 24 0 
22 -58 269 437 9 0 
-80 -68 129 307 17 0 
77 55 454 572 20 0 
44 29 409 585 10 0 
31 34 153 326 23 0 
-53 30 123 288 6 0 
-29 -67 128 288 8 0 
55 -74 260 430 13 0 
-25 35 353 479 4 0 
20 20 300 392 19 0 
46 -91 188 287 15 0 
-66 -46 192 339 19 0 
75 -35 319 444 15 0 
36 60 344 443 13 0 
61 97 262 387 1 0 
81 81 79 194 3 0 
-49 -60 316 425 7 0 
44 -53 181 361 18 0 
37 -68 354 471 22 0 
-53 -23 96 217 6 0 
-57 44 203 344 22 0 
39 -95 476 585 5 0 
-91 -65 479 593 15 0 
8 65 313 446 20 0 
75 89 298 427 7 0 
99 -49 129 302 16 0 
-23 95 467 612 2 0 
-79 -22 427 577 11 0 
15 95 143 235 17 0 
-84 -0 269 393 4 0 
91 69 79 224 1 0 
-60 81 329 456 12 0 
17 56 64 163 7 0 
-66 -41 170 272 5 0 
-4 9 476 650 10 0 
-6 85 142 308 7 0 
-75 97 95 207 18 0 
7 40 97 237 13 0 
-52 99 268 429 13 0 
89 21 453 574 15 0 
-29 -36 320 410 2 0 
19 -61 287 396 17 0 
83 -44 61 214 9 0 
-81 -88 432 568 24 0 
15 38 195 292 10 0 
71 46 152 245 19 0 
58 92 277 457 5 0 
-34 -90 239 403 16 0 
4 90 313 461 12 0 
-79 43 231 366 24 0 
79 -61 293 387 8 0 
-97 4 175 317 4 0 
-71 18 98 219 11 0 
-63 50 271 425 19 0 
70 97 444 565 12 0 
98 -21 302 451 21 0 
90 89 297 455 8 0 
-89 -86 440 535 24 0 
54 31 69 230 12 0 
-47 -99 363 465 1 0 
77 -32 69 231 3 0 
-50 44 86 230 21 0 
-24 -41 100 212 20 0 
-79 52 418 513 20 0 
21 -51 247 412 15 0 
57 68 169 302 14 0 
-34 -70 176 277 24 0 
-42 92 367 522 19 0 
43 -18 241 337 21 0 
-68 28 232 406 24 0 
79 99 262 401 18 0 
73 2 372 509 11 0 
-8 41 247 379 19 0 
56 -85 395 523 7 0 
65 15 198 331 8 0 
89 0 247 379 6 0 
-86 -15 393 517 11 0 
-75 30 315 426 11 0 
28 64 480 612 24 0 
-88 20 261 440 25 0 
68 47 410 556 19 0 
-67 -58 259 425 22 0 
84 -23 467 628 23 0 
-14 82 315 414 21 0 
-40 -74 154 317 8 0 
-24 78 175 296 16 0 
-28 -84 404 534 11 0 
64 -26 433 608 22 0 
85 -52 280 456 14 0 
-79 45 326 467 11 0 
-5 88 213 382 13 0 
-78 49 149 262 12 0 
-63 73 418 535 25 0 
-3 -99 430 527 12 0 
7 -5 361 525 7 0 
19 -27 203 327 15 0 
44 -16 359 497 16 0 
72 -74 414 518 8 0 
-16 37 110 244 17 0 
94 92 267 416 5 0 
56 -84 74 242 20 0 
68 26 126 292 16 0 
-99 28 472 592 1 0 
-45 50 92 205 21 0 
3 92 400 509 13 0 
20 -69 313 470 12 0 
-40 -77 227 334 3 0 
-57 -72 321 413 13 0 
56 65 223 319 4 0 
69 80 119 216 6 0 
90 -9 192 328 6 0 
-97 65 65 229 10 0 
42 31 199 323 7 0 
-73 21 460 552 20 0 
-85 -27 383 486 23 0 
49 -89 61 195 1 0 
35 -19 315 443 1 0 
-61 37 238 394 21 0 
42 -45 272 380 15 0 
92 -94 265 384 17 0 
24 -60 110 233 24 0 
-59 -77 413 543 2 0 
90 30 398 555 7 0 
-12 88 137 274 22 0 
55 16 82 207 23 0 
27 98 229 331 25 0 
-3 -65 234 356 18 0 
98 -38 205 313 2 0 
32 79 129 277 20 0 
28 68 101 213 11 0 
18 -32 296 469 10 0 
-6 -77 347 487 15 0 
-11 64 378 508 21 0 
51 -85 475 642 16 0 
36 -22 451 556 24 0 
-67 -98 100 219 17 0 
-80 -3 160 272 16 0 
87 -2 169 277 2 0 
-57 2 410 538 4 0 
75 74 470 583 14 0 
73 3 141 313 17 0 
68 74 350 456 9 0 
-27 -38 359 476 9 0 
81 89 207 316 21 0 
78 -45 479 651 16 0 
23 -92 181 302 5 0 
-83 16 326 428 15 0 
-67 94 164 310 1 0 
7 -49 329 444 19 0 
-83 73 148 246 3 0 
94 -64 190 326 6 0 
84 28 123 216 15 0 
71 -95 208 328 13 0 
-32 -64 458 588 22 0 
-42 37 257 427 7 0 
-27 -72 466 636 24 0 
13 -61 173 330 12 0 
88 54 267 365 17 0 
-68 -71 401 577 18 0 
-97 9 278 413 3 0 
-81 -61 462 570 10 0 
86 -37 153 266 7 0 
18 29 199 359 12 0 
-50 95 63 210 11 0 
51 13 324 420 9 0 
-63 -54 280 429 22 0 
-97 23 221 359 22 0 
-6 28 270 414 16 0 
10 -92 304 474 11 0 
-45 -3 89 181 23 0 
81 47 170 298 23 0 
-44 -58 112 286 6 0 
55 -22 306 457 22 0 
84 -75 296 447 20 0 
84 68 117 232 18 0 
34 -40 277 420 8 0 
-89 -7 363 481 13 0 
-61 40 137 231 8 0 
-24 -11 387 513 21 0 
64 -53 459 627 3 0 
-0 83 233 400 3 0 
-57 -52 122 291 8 0 
49 34 156 257 13 0 
-9 -93 379 520 8 0 
32 -19 421 600 13 0 
-88 -56 162 312 2 0 
-80 -91 404 514 11 0 
95 66 477 649 22 0 
80 70 95 190 10 0 
-15 86 266 368 24 0 
-36 58 468 571 13 0 
42 -68 246 351 10 0 
-50 87 341 449 8 0 
-71 -23 443 537 10 0 
92 35 238 389 12 0 
48 35 361 508 11 0 
11 -71 442 584 5 0 
-14 64 328 459 9 0 
-23 40 470 629 10 0 
-0 53 411 553 20 0 
-53 73 229 333 19 0 
-36 -99 85 257 8 0 
33 -93 133 307 9 0 
-98 -35 247 352 16 0 
94 -46 114 243 7 0 
15 26 225 332 10 0 
12 27 402 566 10 0 
-77 -31 188 357 23 0 
62 72 130 296 22 0 
87 8 461 632 12 0 
-94 70 185 314 7 0 
43 41 377 534 21 0 
-70 31 72 201 18 0 
80 27 121 294 20 0 
8 93 303 432 25 0 
92 -52 176 296 3 0 
72 16 155 254 16 0 
97 -23 181 332 12 0 
36 47 352 484 14 0 
7 -71 443 543 9 0 
-43 42 256 373 22 0 
-83 90 163 271 19 0 
1 94 151 300 19 0 
40 -1 303 394 5 0 
-18 96 97 194 5 0 
68 32 81 179 18 0 
65 95 144 293 25 0 
22 73 196 328 10 0 
52 17 447 570 11 0 
73 77 206 381 25 0 
-92 -90 143 261 8 0 
41 -58 222 358 18 0 
96 -23 293 395 10 0 
-74 -94 303 441 10 0 
-0 -87 317 466 6 0 
38 1 405 504 3 0 
61 -2 289 423 20 0 
-73 -4 210 327 9 0 
-60 81 417 590 6 0 
60 -30 157 328 4 0 
85 -28 91 202 6 0 
62 34 175 307 22 0 
83 -9 444 546 7 0 
82 29 212 384 16 0 
42 90 367 515 15 0 
63 -83 202 363 22 0 
57 44 356 479 2 0 
-7 15 79 235 4 0 
64 93 103 247 2 0 
80 -79 451 551 6 0 
-48 61 164 288 14 0 
46 296 63 156 1 0 
-20 -33 178 313 2 0 
-6 78 127 275 7 0 
68 91 407 502 15 0 
42 -20 186 339 9 0 
71 -32 333 479 13 0 
16 -74 270 375 5 0 
16 68 477 615 3 0 
-84 28 408 570 1 0 
-90 73 468 615 12 0 
-77 63 262 383 21 0 
20 46 84 209 3 0 
28 43 249 355 17 0 
-33 -30 84 236 1 0 
-16 -76 368 483 11 0 
-64 26 110 253 7 0 
-22 -69 85 209 13 0 
12 -95 266 371 7 0 
87 33 462 558 20 0 
-77 -96 96 207 5 0 
-39 45 180 292 8 0 
-35 10 330 456 23 0 
-65 -65 338 462 21 0 
-83 86 469 611 8 0 
-68 46 105 220 18 0 
58 42 425 541 1 0 
-60 -4 177 294 17 0 
-28 90 402 534 11 0 
-36 81 473 635 23 0 
5 -95 357 531 2 0 
47 -24 235 370 24 0 
59 69 310 440 9 0 
-60 81 160 271 22 0 
96 -91 443 602 18 0 
-40 -59 451 580 17 0 
92 48 210 344 10 0 
-99 -50 154 269 7 0 
-57 86 394 520 20 0 
-2 53 64 187 11 0 
-18 26 356 533 7 0 
86 -91 395 508 13 0 
-62 -85 454 604 6 0 
-22 5 267 446 24 0 
-98 -67 193 334 3 0 
-4 -94 207 342 2 0 
1 -44 396 538 13 0 
71 -85 412 507 22 0 
-26 56 311 426 23 0 
80 -74 351 519 4 0 
-53 -19 383 498 13 0 
30 -62 285 459 8 0 
-56 -51 396 553 11 0 
64 -10 212 375 21 0 
-0 -33 229 389 9 0 
67 76 272 394 18 0 
44 -94 184 276 7 0 
-15 -12 62 218 20 0 
85 45 418 574 21 0 
16 -18 298 419 17 0 
-91 -14 390 570 15 0 
-67 -2 89 184 7 0 
93 -90 77 257 8 0 
69 -41 67 193 24 0 
-19 75 215 385 13 0 
-27 17 378 514 8 0 
-35 45 350 521 25 0 
-90 -14 307 409 18 0 
-74 86 394 560 11 0 
96 -15 196 326 12 0 
-45 -55 70 202 2 0 
-35 -29 467 642 24 0 
-14 80 97 220 11 0 
-77 78 350 481 24 0 
-28 3 349 522 25 0 
55 84 64 183 11 0 
65 -36 124 238 20 0 
52 -25 124 233 3 0 
-85 -75 206 311 1 0 
-90 -90 373 490 12 0 
93 -16 108 286 24 0 
33 61 235 354 20 0 
-75 84 346 450 7 0 
-45 -78 304 419 11 0 
49 -38 408 573 12 0 
57 -44 142 301 11 0 
97 10 447 570 13 0 
41 41 240 415 22 0 
-77 -54 283 406 4 0 
-2 58 136 229 22 0 
26 -63 307 479 13 0 
-83 -42 464 642 19 0 
69 66 461 579 16 0 
-57 -95 456 547 13 0 
-88 48 138 263 8 0 
-18 -81 408 514 13 0 
45 -87 130 231 25 0 
85 -27 243 373 3 0 
-41 -79 316 450 18 0 
21 -18 171 350 11 0 
1 53 176 307 24 0 
23 78 187 302 17 0 
77 -93 301 432 15 0 
21 -81 214 393 8 0 
34 77 182 311 8 0 
-93 73 154 257 4 0 
-84 -85 174 319 11 0 
-50 -81 448 558 20 0 
88 6 258 431 6 0 
-57 43 113 251 12 0 
-74 58 330 477 18 0 
-89 -92 364 491 2 0 
-41 -36 316 487 4 0 
-65 -11 270 447 22 0 
82 46 92 268 10 0 
23 -37 239 371 20 0 
53 -64 360 473 22 0 
89 22 332 501 6 0 
15 96 283 438 24 0 
1 48 119 256 14 0 
71 98 436 562 22 0 
13 22 448 546 2 0 
-6 -51 83 192 3 0 
-34 20 78 185 12 0 
95 -56 186 292 7 0 
-87 -38 197 293 24 0 
-59 -85 193 295 4 0 
-14 76 235 404 12 0 
89 -27 223 353 8 0 
-18 -22 99 251 14 0 
-13 28 269 447 20 0 
78 55 288 437 2 0 
-36 -45 174 278 13 0 
80 75 83 251 19 0 
30 -55 313 446 4 0 
-67 -83 227 317 23 0 
75 -17 107 250 9 0 
46 69 327 492 12 0 
38 17 101 241 23 0 
41 96 395 506 10 0 
-66 -6 390 556 25 0 
-20 95 271 390 17 0 
-37 -37 385 536 25 0 
94 5 313 467 25 0 
50 83 455 620 22 0 
-50 37 174 301 7 0 
17 -58 69 219 2 0 
52 65 451 571 15 0 
-84 29 268 443 24 0 
86 62 440 532 15 0 
-62 27 405 499 14 0 
14 -30 456 610 1 0 
-88 26 430 540 8 0 
-53 -82 416 579 6 0 
37 -72 414 565 12 0 
29 93 267 399 7 0 
-38 -59 417 515 16 0 
88 -28 179 280 9 0 
92 -63 173 287 8 0 
-93 76 76 213 23 0 
-62 -13 76 176 6 0 
14 56 184 294 22 0 
-87 -96 242 389 7 0 
61 81 125 277 5 0 
61 -51 282 425 11 0 
-27 67 388 489 25 0 
97 -86 465 568 3 0 
42 30 104 246 20 0 
-23 8 400 573 13 0 
8 -62 271 400 2 0 
-57 -88 430 521 1 0 
-79 49 350 519 24 0 
-99 34 173 342 6 0 
88 -38 266 380 8 0 
-53 8 77 207 16 0 
-87 17 453 588 19 0 
-66 51 477 636 9 0 
-4 -65 79 218 25 0 
-26 57 348 500 10 0 
66 70 355 485 13 0 
42 59 434 562 18 0 
24 -43 209 368 2 0 
-3 -2 302 425 12 0 
94 48 213 381 8 0 
-70 48 69 213 15 0 
-72 62 171 277 6 0 
-79 -30 405 525 16 0 
-31 -49 464 575 3 0 
2 56 312 470 14 0 
-10 97 70 170 15 0 
-98 -73 468 566 12 0 
93 -10 183 361 6 0 
-90 -73 360 488 11 0 
-71 29 365 460 18 0 
-53 98 66 195 13 0 
39 10 166 314 24 0 
-62 -85 360 498 23 0 
81 69 388 543 16 0 
7 89 159 290 2 0 
-3 46 329 499 6 0 
-93 36 327 434 8 0 
36 -61 234 381 21 0 
-62 13 427 601 14 0 
-34 -97 382 525 5 0 
1 80 182 278 15 0 
-11 -97 66 228 19 0 
91 -95 452 544 9 0 
60 72 435 595 4 0 
97 -18 417 594 13 0 
77 0 475 633 20 0 
-14 60 298 455 24 0 
49 -4 284 442 23 0 
43 -52 347 493 8 0 
-39 27 73 214 8 0 
-82 -36 177 290 17 0 
39 86 246 417 4 0 
79 48 471 594 20 0 
-1 48 107 220 2 0 
68 61 143 235 4 0 
94 -46 391 502 5 0 
-71 59 405 502 13 0 
43 2 177 306 17 0 
-93 -8 425 560 10 0 
-82 8 103 234 4 0 
91 -74 109 279 20 0 
39 77 319 490 2 0 
-28 78 133 238 6 0 
21 -82 309 420 16 0 
2 4 0 
21 -8 0 
-43 -18 0 
-10 -37 0 
0 0 0 
64 190 0