64 48 139 386 12 0 
-84 74 70 254 14 0 
-66 -28 219 458 11 0 
-9 -50 85 386 23 0 
47 79 253 605 23 0 
90 -8 269 559 23 0 
-88 61 114 341 25 0 
44 -63 212 437 19 0 
57 75 80 293 24 0 
42 -86 291 510 20 0 
-64 -81 137 358 2 0 
-70 58 82 367 19 0 
-83 19 101 294 4 0 
8 -63 200 444 22 0 
28 96 296 609 5 0 
91 46 62 391 11 0 
22 94 177 463 22 0 
85 -47 183 399 4 0 
-98 70 87 364 4 0 
-75 -60 165 366 6 0 
-28 28 71 366 7 0 
35 84 216 457 9 0 
-36 -76 216 406 21 0 
33 29 253 547 8 0 
24 98 131 387 3 0 
-20 72 119 396 9 0 
-29 -52 280 584 24 0 
-72 -82 291 590 23 0 
-4 -34 179 467 21 0 
50 12 267 509 16 0 
2 65 251 535 25 0 
82 -49 223 541 20 0 
30 -89 222 497 12 0 
89 79 136 387 24 0 
-77 -3 260 553 5 0 
0 52 186 487 3 0 
-85 -92 139 380 6 0 
93 -22 139 448 1 0 
25 57 250 457 11 0 
21 -91 92 341 19 0 
-61 -17 61 408 16 0 
79 98 194 379 14 0 
68 80 211 409 22 0 
2 -81 98 379 10 0 
-73 -96 276 508 1 0 
0 19 65 317 17 0 
80 -95 171 417 4 0 
-73 32 237 483 3 0 
-16 -59 108 449 13 0 
-32 -18 149 432 2 0 
98 -51 191 450 20 0 
63 -20 182 427 22 0 
-90 24 82 283 11 0 
44 -83 138 458 17 0 
-38 -49 281 627 3 0 
74 -64 256 466 4 0 
-45 -5 76 315 21 0 
-95 56 73 371 17 0 
-31 51 252 481 2 0 
-15 78 71 352 22 0 
75 49 168 453 13 0 
81 -18 183 381 3 0 
-69 0 274 565 19 0 
67 92 258 536 18 0 
-60 92 294 635 11 0 
88 87 140 351 12 0 
24 12 185 458 10 0 
-32 94 102 375 9 0 
49 -73 264 542 5 0 
-79 77 243 438 7 0 
-25 -50 262 529 15 0 
-65 -88 207 437 10 0 
-34 -80 265 611 12 0 
-11 -40 292 606 7 0 
-27 18 79 431 4 0 
67 -33 219 508 2 0 
23 -0 130 348 5 0 
98 -19 244 503 21 0 
-79 71 299 571 6 0 
58 -93 265 465 10 0 
-35 27 298 652 1 0 
-98 -62 220 572 8 0 
15 33 235 449 22 0 
51 -97 174 484 2 0 
35 -52 155 360 13 0 
-87 -77 171 388 8 0 
-16 -66 263 508 23 0 
-79 29 103 355 11 0 
93 -43 188 539 11 0 
-90 -13 177 512 22 0 
-73 -29 231 509 5 0 
71 -59 296 637 23 0 
-78 63 240 584 1 0 
10 89 123 372 19 0 
-69 25 64 307 22 0 
22 87 209 464 13 0 
-75 69 127 468 11 0 
-67 60 209 500 4 0 
54 -23 297 488 5 0 
64 40 108 440 13 0 
39 -75 134 351 3 0 
60 73 236 459 4 0 
-35 -74 268 533 21 0 
-86 19 88 278 4 0 
43 45 84 282 9 0 
-86 50 275 563 23 0 
56 -73 91 370 15 0 
-16 40 93 377 24 0 
-1 -19 86 343 17 0 
-66 -16 163 503 11 0 
15 -18 149 338 2 0 
98 12 158 414 15 0 
-86 -67 150 503 8 0 
96 39 162 467 21 0 
-25 28 162 473 22 0 
59 14 214 510 13 0 
20 8 294 602 13 0 
41 -60 196 409 24 0 
-44 17 132 484 10 0 
-61 -18 115 374 18 0 
-96 -52 195 381 1 0 
-73 -23 126 393 2 0 
-7 83 298 554 5 0 
-82 -60 68 347 12 0 
-11 -51 297 540 23 0 
91 -56 176 517 13 0 
-55 49 118 476 17 0 
-33 97 95 285 20 0 
-68 65 198 495 23 0 
69 -43 112 332 1 0 
-57 60 210 446 22 0 
58 37 119 421 22 0 
60 -11 67 267 20 0 
98 -4 129 375 4 0 
-88 -55 227 503 14 0 
50 -47 211 451 10 0 
70 -69 158 422 16 0 
55 -29 237 523 5 0 
-83 -2 194 551 14 0 
33 -43 248 474 25 0 
95 88 76 429 7 0 
68 -77 211 539 25 0 
0 -84 228 509 2 0 
60 50 278 601 21 0 
-60 37 231 554 10 0 
69 -95 168 407 15 0 
-67 -59 99 378 14 0 
-24 37 299 549 7 0 
7 13 282 564 19 0 
31 73 250 581 11 0 
-53 -18 260 471 2 0 
-17 75 284 488 3 0 
79 -84 70 407 14 0 
94 97 286 624 8 0 
96 1 169 434 19 0 
-76 -58 222 503 24 0 
-66 57 73 263 11 0 
4 -19 183 513 2 0 
-11 61 63 244 1 0 
37 0 168 469 8 0 
2 22 93 282 25 0 
-7 -49 139 431 17 0 
-10 82 67 290 23 0 
58 -44 65 417 13 0 
42 -96 160 375 20 0 
13 77 167 435 22 0 
-72 -65 210 431 6 0 
72 -53 148 469 8 0 
98 -15 150 504 19 0 
-36 -98 194 493 25 0 
-46 -89 165 448 16 0 
-63 -81 86 441 17 0 
-25 -12 156 382 25 0 
30 85 272 478 3 0 
72 -49 249 562 25 0 
-29 -16 209 556 13 0 
72 -39 62 378 13 0 
-43 -67 298 530 2 0 
58 77 139 352 5 0 
-72 -38 82 362 17 0 
-31 28 259 460 1 0 
-12 -51 248 515 10 0 
34 19 260 605 8 0 
20 5 296 492 16 0 
3 49 217 534 16 0 
-28 -67 266 455 19 0 
95 -76 283 624 2 0 
-20 88 151 410 12 0 
17 -32 263 497 8 0 
14 67 257 455 13 0 
80 74 251 510 7 0 
97 -94 109 400 5 0 
-25 69 213 459 7 0 
-28 -99 119 344 1 0 
50 30 123 315 13 0 
-71 2 279 577 12 0 
12 -98 266 475 24 0 
-62 -8 74 293 4 0 
56 -70 116 315 21 0 
-31 -31 253 585 10 0 
-43 90 287 545 22 0 
26 -69 138 432 16 0 
-69 52 289 488 20 0 
-54 -13 288 472 12 0 
15 -80 300 555 10 0 
-83 -49 294 518 25 0 
40 -79 202 551 22 0 
-67 44 240 429 3 0 
59 38 162 400 22 0 
1 -67 300 534 21 0 
44 87 121 419 12 0 
57 35 196 477 1 0 
-99 78 230 488 4 0 
99 86 274 634 14 0 
-70 -12 63 287 5 0 
24 -38 98 408 19 0 
-53 -49 271 528 9 0 
95 10 123 342 13 0 
-31 4 69 303 23 0 
47 62 162 468 24 0 
-66 -37 158 360 11 0 
17 -31 300 647 6 0 
-36 75 110 432 16 0 
66 -40 197 477 5 0 
90 -46 222 553 15 0 
-77 49 254 586 11 0 
-52 77 191 465 8 0 
44 -35 118 299 9 0 
7 -10 113 463 22 0 
6 11 273 489 18 0 
-33 98 93 292 1 0 
-16 -52 99 434 9 0 
-2 -45 65 386 8 0 
-66 15 134 365 24 0 
76 -30 291 603 15 0 
-60 -67 284 514 1 0 
-24 -86 142 325 24 0 
98 16 117 408 11 0 
1 -57 282 576 23 0 
68 -78 261 521 6 0 
-9 -86 267 607 17 0 
49 13 111 352 13 0 
-4 -91 98 288 24 0 
89 -18 268 620 21 0 
-17 5 189 423 23 0 
-98 -67 277 573 24 0 
11 -85 81 437 3 0 
-72 -68 128 392 1 0 
62 43 238 436 22 0 
5 56 141 478 23 0 
-65 -53 111 468 18 0 
37 60 203 513 21 0 
-82 34 159 360 6 0 
36 56 195 420 2 0 
-60 80 181 375 5 0 
-68 -63 283 636 18 0 
-66 89 176 500 4 0 
66 -12 222 531 14 0 
6 -0 245 470 7 0 
-65 -44 219 528 2 0 
95 -81 87 324 17 0 
67 -89 123 450 12 0 
90 -91 150 362 22 0 
-42 -73 135 338 11 0 
-14 -25 180 373 9 0 
88 -76 133 476 3 0 
5 65 248 561 3 0 
-48 -14 87 374 21 0 
11 27 118 450 17 0 
-96 30 118 368 24 0 
55 45 160 348 10 0 
-10 79 134 490 16 0 
-34 -80 125 472 18 0 
-53 -61 239 501 2 0 
97 -8 135 326 15 0 
-48 91 88 387 11 0 
70 -52 73 355 9 0 
-37 97 228 485 17 0 
-95 33 291 518 21 0 
-85 -28 194 444 17 0 
-7 -37 278 464 8 0 
-87 -91 283 585 25 0 
63 3 197 407 22 0 
64 -56 154 415 2 0 
88 69 188 447 23 0 
-4 80 208 405 1 0 
-66 -98 99 359 24 0 
47 -92 206 409 14 0 
24 -64 258 592 23 0 
47 5 259 531 6 0 
-71 87 191 398 8 0 
27 75 251 491 19 0 
77 -49 293 644 8 0 
-18 -31 181 527 1 0 
81 20 246 453 4 0 
96 -89 84 356 13 0 
47 93 95 305 13 0 
38 57 99 375 20 0 
20 -68 300 543 9 0 
-67 -71 62 326 14 0 
2 -18 196 423 7 0 
-65 -14 250 483 11 0 
-51 8 132 364 15 0 
98 60 207 508 16 0 
-42 -98 275 620 11 0 
-66 -98 142 433 14 0 
-97 -54 204 476 12 0 
13 -13 294 625 4 0 
89 41 84 429 11 0 
28 -8 237 558 19 0 
30 -37 157 412 8 0 
-2 16 143 467 7 0 
46 -68 118 470 19 0 
-1 90 109 394 9 0 
-81 82 164 404 24 0 
91 -73 252 531 20 0 
-12 86 294 624 6 0 
22 -38 226 424 1 0 
98 -31 145 485 10 0 
99 72 80 428 15 0 
-79 -5 131 481 2 0 
-96 -66 156 499 23 0 
-41 -70 110 443 2 0 
33 40 150 422 9 0 
-10 -29 158 423 6 0 
-24 0 90 433 3 0 
29 41 267 623 17 0 
-2 -50 62 270 8 0 
65 -86 138 337 13 0 
-16 -56 134 383 22 0 
-57 -98 116 387 2 0 
-56 16 267 530 9 0 
15 -76 89 391 5 0 
-75 58 81 339 20 0 
96 62 101 350 18 0 
-93 -43 290 587 4 0 
64 -80 204 547 5 0 
-69 23 158 390 19 0 
55 -25 281 486 2 0 
-80 90 273 601 18 0 
56 -49 101 353 21 0 
-57 -74 254 532 18 0 
53 -39 151 437 2 0 
81 -0 275 592 20 0 
32 55 257 469 13 0 
-48 54 64 363 13 0 
23 -73 109 441 14 0 
-11 68 205 518 23 0 
-68 58 103 347 25 0 
73 -97 196 435 25 0 
30 82 212 501 20 0 
93 -68 130 438 15 0 
75 -1 285 536 4 0 
80 -17 72 321 17 0 
-13 73 221 507 5 0 
-86 3 76 329 4 0 
-80 17 235 517 20 0 
-17 78 259 500 11 0 
12 -81 63 334 5 0 
19 -81 220 483 2 0 
-36 -47 67 375 3 0 
21 -55 219 559 15 0 
-83 -33 109 386 22 0 
-68 -2 188 544 2 0 
27 -16 224 525 7 0 
48 -54 180 466 2 0 
-45 -49 202 506 22 0 
-58 77 210 551 15 0 
-59 74 104 367 22 0 
75 73 140 360 14 0 
41 -21 195 454 25 0 
-50 -11 106 335 7 0 
21 -16 189 371 10 0 
-19 -83 192 422 24 0 
-20 67 120 412 20 0 
54 -43 152 478 2 0 
-89 -29 295 484 21 0 
-30 -4 138 469 15 0 
-72 -57 115 397 10 0 
58 -88 256 485 17 0 
47 49 230 523 6 0 
98 1 284 622 18 0 
70 -6 121 423 14 0 
20 -81 137 341 16 0 
80 57 183 430 11 0 
76 -61 199 389 9 0 
17 0 113 458 6 0 
90 -61 235 488 22 0 
58 -98 238 577 24 0 
-18 87 259 481 19 0 
80 -82 109 418 17 0 
22 43 77 276 16 0 
99 -7 154 465 7 0 
-74 -85 250 431 12 0 
31 -99 65 356 7 0 
17 -9 180 437 9 0 
19 -3 198 424 16 0 
9 -31 258 494 1 0 
93 -69 206 431 1 0 
-49 2 160 462 20 0 
84 97 138 472 3 0 
-35 60 115 331 19 0 
27 75 102 302 8 0 
-95 51 166 449 1 0 
90 83 99 381 2 0 
-16 50 250 582 3 0 
91 67 283 517 6 0 
-5 29 134 442 7 0 
24 -56 152 415 8 0 
-15 -73 67 250 17 0 
-5 49 146 485 5 0 
47 37 110 386 7 0 
19 55 272 610 4 0 
76 -37 225 530 5 0 
36 -41 187 456 5 0 
-16 46 243 458 11 0 
-72 -67 161 361 23 0 
11 -71 176 493 1 0 
73 30 182 542 23 0 
-23 94 266 479 20 0 
-62 -59 168 368 10 0 
70 83 266 503 3 0 
-16 -31 184 532 25 0 
-70 -21 92 335 10 0 
2 -18 290 628 12 0 
-73 29 138 442 2 0 
-77 -30 278 618 5 0 
-45 52 226 501 15 0 
-56 -38 132 458 1 0 
-85 -65 97 322 4 0 
-92 -45 258 539 12 0 
-68 20 259 574 9 0 
70 -16 62 242 23 0 
24 -88 91 451 6 0 
-42 11 282 534 16 0 
35 -87 69 291 20 0 
39 44 266 502 5 0 
89 77 96 279 24 0 
63 -99 216 403 1 0 
-56 70 212 546 18 0 
86 48 168 411 16 0 
-26 -10 78 345 20 0 
84 5 149 497 4 0 
22 -82 286 466 3 0 
16 -27 119 340 10 0 
40 50 201 437 9 0 
-28 70 280 576 24 0 
-17 -37 171 407 22 0 
18 68 238 532 9 0 
-31 -77 129 408 19 0 
-92 71 61 318 7 0 
99 -19 201 498 19 0 
83 -92 300 656 21 0 
65 21 135 435 2 0 
-29 -96 159 508 13 0 
66 -57 69 270 22 0 
99 76 72 356 12 0 
-85 -25 156 485 9 0 
-24 -63 162 439 20 0 
-88 28 287 479 10 0 
-39 -27 280 490 1 0 
33 -15 135 391 11 0 
-37 82 218 493 20 0 
-81 -99 296 544 5 0 
16 -96 72 349 9 0 
-31 75 137 345 19 0 
61 -97 299 567 4 0 
57 78 194 464 13 0 
-74 64 124 343 15 0 
-56 -97 185 524 22 0 
8 -41 125 476 11 0 
56 -93 282 607 11 0 
68 70 239 521 2 0 
-5 -42 293 627 4 0 
-3 -44 291 535 16 0 
-81 -70 136 339 3 0 
-13 43 183 464 9 0 
85 55 183 519 6 0 
27 20 148 452 19 0 
81 97 297 514 7 0 
-96 -80 198 378 20 0 
-9 -72 298 484 14 0 
55 88 297 542 20 0 
83 -48 75 356 2 0 
98 -99 76 348 20 0 
60 98 176 463 8 0 
-63 34 208 394 10 0 
-55 -92 261 535 6 0 
-89 -1 108 333 7 0 
-7 -33 164 429 2 0 
-31 68 134 343 15 0 
-33 -59 99 410 25 0 
62 53 255 539 25 0 
-91 -6 176 514 11 0 
-56 59 209 425 11 0 
-40 -21 293 649 8 0 
26 -76 202 424 2 0 
-35 -80 130 401 19 0 
21 88 68 265 12 0 
-58 7 148 490 20 0 
-1 -90 134 357 12 0 
-56 -4 282 616 6 0 
-55 -89 178 404 18 0 
68 -27 260 469 25 0 
34 4 286 585 14 0 
-94 90 68 301 7 0 
-57 53 61 268 6 0 
7 -94 274 459 13 0 
-62 83 199 417 20 0 
-60 -53 108 376 12 0 
-43 -69 68 265 12 0 
97 81 173 470 25 0 
89 -60 226 545 4 0 
44 -7 196 411 20 0 
17 -26 184 477 3 0 
-87 -34 253 589 4 0 
34 52 87 282 23 0 
96 -38 77 372 3 0 
79 76 267 453 21 0 
2 71 105 408 15 0 
3 -31 254 547 9 0 
-95 -18 178 465 17 0 
-29 -45 263 588 13 0 
6 45 288 611 9 0 
-42 79 200 420 7 0 
36 66 213 519 4 0 
42 -84 119 392 4 0 
56 -12 213 407 17 0 
-95 36 123 334 18 0 
-88 -52 91 342 19 0 
64 91 164 475 5 0 
-72 -70 61 272 16 0 
32 -38 259 517 14 0 
54 78 279 575 13 0 
27 3 290 489 8 0 
76 -82 196 403 12 0 
-38 -27 119 349 7 0 
87 46 271 601 18 0 
7 -86 73 395 8 0 
59 -34 198 519 25 0 
78 95 275 551 7 0 
-65 -85 140 357 6 0 
57 -90 115 435 21 0 
-94 13 83 352 3 0 
32 59 251 587 20 0 
-72 -96 120 392 14 0 
-51 -62 72 432 12 0 
-51 92 132 393 10 0 
-56 -69 79 369 17 0 
26 81 208 388 23 0 
-95 75 299 513 19 0 
-79 43 126 371 3 0 
-31 -78 181 402 13 0 
-5 50 228 574 7 0 
-95 63 230 490 7 0 
62 -50 292 493 10 0 
-4 67 64 402 19 0 
28 87 287 564 2 0 
85 19 299 526 1 0 
-37 77 173 513 19 0 
99 42 116 338 19 0 
-96 -30 294 644 13 0 
72 61 180 495 10 0 
-52 -32 271 576 17 0 
-56 -88 124 317 10 0 
-21 -70 172 493 18 0 
-13 78 264 484 3 0 
90 -84 100 328 12 0 
-22 -36 145 367 7 0 
26 -3 119 435 9 0 
17 -14 129 457 20 0 
-63 -27 254 613 20 0 
87 22 113 385 21 0 
15 -40 274 464 15 0 
-1 93 266 575 7 0 
53 -70 209 530 22 0 
29 -30 158 439 19 0 
-99 -76 228 560 16 0 
-48 -17 71 277 21 0 
-4 -89 257 514 4 0 
-85 13 181 460 20 0 
-95 8 295 620 3 0 
3 92 248 509 24 0 
10 53 193 513 2 0 
89 -97 128 472 13 0 
24 -49 246 540 25 0 
-57 -82 201 393 20 0 
55 -26 233 466 17 0 
91 -49 192 385 23 0 
7 -54 115 338 5 0 
21 53 88 417 1 0 
-32 51 175 396 4 0 
55 -83 266 594 9 0 
-7 -80 281 569 7 0 
-64 -91 75 389 13 0 
-31 58 256 611 2 0 
-55 -1 98 439 9 0 
20 -20 292 601 6 0 
6 -55 121 451 4 0 
12 73 234 594 4 0 
44 -25 0 
-32 14 0 
37 13 0 
-15 12 0 
0 0 0 
56 190 0