70 -29 80 250 14 0 
-79 74 148 294 7 0 
97 -85 119 219 10 0 
68 -19 440 587 5 0 
-87 91 347 493 2 0 
-27 1 354 448 5 0 
49 40 62 225 1 0 
93 62 190 316 22 0 
66 -43 427 550 9 0 
77 98 427 563 21 0 
-60 86 431 576 25 0 
79 -50 473 630 6 0 
64 14 235 393 7 0 
94 54 455 580 5 0 
-52 66 94 263 8 0 
15 8 227 384 7 0 
35 -64 73 249 11 0 
23 83 443 583 21 0 
-11 10 93 229 20 0 
64 39 396 566 7 0 
-70 -90 189 285 9 0 
-87 68 297 463 17 0 
27 -34 334 475 16 0 
-53 46 195 329 6 0 
-95 -1 302 429 14 0 
19 74 387 559 10 0 
-26 -12 368 517 15 0 
19 74 333 453 9 0 
-95 60 353 483 22 0 
48 -11 189 321 17 0 
42 -4 145 300 10 0 
43 61 462 607 25 0 
29 -98 292 471 20 0 
42 -69 239 374 2 0 
-45 29 435 579 2 0 
-9 -86 278 420 6 0 
3 33 126 265 12 0 
85 -79 399 505 3 0 
57 80 216 356 17 0 
96 57 290 453 19 0 
91 -41 319 435 17 0 
9 93 121 222 6 0 
63 94 174 296 21 0 
77 47 157 322 9 0 
-36 -47 315 409 23 0 
-72 23 472 584 6 0 
-78 -50 140 278 16 0 
4 -89 470 615 3 0 
0 92 101 260 10 0 
-76 47 98 203 22 0 
83 -95 346 473 20 0 
93 52 336 466 18 0 
59 22 62 214 4 0 
-77 -94 295 472 17 0 
34 -85 442 583 12 0 
-55 -62 92 240 17 0 
-98 -73 129 298 20 0 
-73 -18 299 416 3 0 
-13 37 265 373 12 0 
82 -16 144 289 5 0 
19 73 150 308 11 0 
-97 57 91 249 23 0 
57 -82 388 500 25 0 
-82 47 245 341 20 0 
44 -40 157 258 8 0 
95 -2 170 335 19 0 
-8 -84 220 376 24 0 
66 -86 362 479 5 0 
66 -78 295 442 19 0 
40 90 419 536 9 0 
3 -41 421 579 11 0 
62 93 411 526 20 0 
-88 48 195 353 6 0 
-35 69 240 364 16 0 
48 21 422 555 18 0 
-87 53 114 245 20 0 
-33 28 274 388 5 0 
-81 -82 283 449 15 0 
92 -10 451 628 21 0 
70 -85 340 465 15 0 
35 40 126 295 25 0 
-54 90 72 188 16 0 
35 33 344 520 2 0 
-33 -83 325 424 7 0 
42 -55 337 435 3 0 
-94 -36 142 234 10 0 
89 42 438 544 14 0 
-57 65 169 295 7 0 
-78 80 407 530 20 0 
23 24 288 427 4 0 
79 96 63 163 7 0 
-63 -5 186 313 2 0 
93 8 314 492 22 0 
-13 93 428 543 13 0 
-50 -72 252 342 17 0 
-84 -67 209 329 18 0 
44 41 249 366 18 0 
-62 65 250 384 14 0 
56 40 122 246 7 0 
60 -71 432 552 17 0 
59 -28 133 230 14 0 
27 10 454 558 17 0 
-11 55 93 204 11 0 
15 -71 83 255 23 0 
2 -68 464 623 11 0 
58 48 231 360 24 0 
-68 85 86 230 21 0 
61 -70 236 344 14 0 
26 69 266 374 16 0 
62 -59 67 195 25 0 
65 -79 466 592 8 0 
28 -57 94 255 18 0 
-70 -80 94 247 24 0 
88 -62 461 579 20 0 
90 65 154 317 10 0 
50 43 227 350 4 0 
63 15 243 348 14 0 
-96 -76 189 291 10 0 
-6 -8 265 363 23 0 
-88 36 203 320 14 0 
57 74 382 516 2 0 
75 -22 339 489 5 0 
22 -58 201 339 21 0 
-80 -68 217 328 7 0 
77 55 323 421 21 0 
44 29 134 281 12 0 
31 34 207 354 20 0 
-53 30 61 163 14 0 
-29 -67 261 352 1 0 
55 -74 149 240 7 0 
-25 35 100 211 1 0 
20 20 470 648 21 0 
46 -91 305 410 11 0 
-66 -46 389 540 6 0 
75 -35 270 378 6 0 
36 60 390 486 22 0 
61 97 184 323 12 0 
81 81 214 336 14 0 
-49 -60 473 574 9 0 
44 -53 424 575 4 0 
37 -68 159 332 16 0 
-53 -23 403 502 4 0 
-57 44 87 267 7 0 
39 -95 431 524 23 0 
-91 -65 310 456 5 0 
8 65 170 311 7 0 
75 89 263 366 16 0 
99 -49 424 571 21 0 
-23 95 157 266 6 0 
-79 -22 90 195 11 0 
15 95 240 364 21 0 
-84 -0 408 542 8 0 
91 69 131 310 19 0 
-60 81 142 312 2 0 
17 56 128 268 10 0 
-66 -41 113 278 25 0 
-4 9 270 446 9 0 
-6 85 359 532 15 0 
-75 97 351 446 23 0 
7 40 280 386 3 0 
-52 99 133 237 5 0 
89 21 233 404 4 0 
-29 -36 340 462 16 0 
19 -61 350 460 24 0 
83 -44 378 471 11 0 
-81 -88 369 483 24 0 
15 38 282 382 8 0 
71 46 339 452 22 0 
58 92 358 507 7 0 
-34 -90 246 338 25 0 
4 90 96 211 10 0 
-79 43 239 374 1 0 
79 -61 346 511 16 0 
-97 4 194 371 12 0 
-71 18 260 413 11 0 
-63 50 230 369 5 0 
70 97 103 251 13 0 
98 -21 454 613 4 0 
90 89 75 225 14 0 
-89 -86 325 468 11 0 
54 31 231 358 18 0 
-47 -99 212 326 5 0 
77 -32 347 474 11 0 
-50 44 170 274 12 0 
-24 -41 333 484 19 0 
-79 52 274 400 14 0 
21 -51 225 323 12 0 
57 68 444 615 1 0 
-34 -70 450 630 14 0 
-42 92 327 464 21 0 
43 -18 155 248 18 0 
-68 28 451 626 25 0 
79 99 474 623 16 0 
73 2 216 348 12 0 
-8 41 434 534 3 0 
56 -85 390 511 2 0 
65 15 452 597 20 0 
89 0 165 257 11 0 
-86 -15 166 256 21 0 
-75 30 177 318 2 0 
28 64 434 536 9 0 
-88 20 155 289 2 0 
68 47 457 616 11 0 
-67 -58 91 250 17 0 
84 -23 83 262 18 0 
-14 82 173 328 15 0 
-40 -74 394 547 16 0 
-24 78 259 373 17 0 
-28 -84 378 468 11 0 
64 -26 250 347 11 0 
85 -52 330 504 24 0 
-79 45 327 447 17 0 
-5 88 308 448 10 0 
-78 49 194 361 5 0 
-63 73 436 543 9 0 
-3 -99 153 263 23 0 
7 -5 249 345 2 0 
19 -27 90 195 10 0 
44 -16 133 307 4 0 
72 -74 259 431 17 0 
-16 37 477 596 6 0 
94 92 169 317 15 0 
56 -84 464 643 20 0 
68 26 121 258 5 0 
-99 28 121 260 16 0 
-45 50 467 637 22 0 
3 92 142 261 15 0 
20 -69 125 239 9 0 
-40 -77 416 516 8 0 
-57 -72 170 316 24 0 
56 65 133 246 21 0 
69 80 353 465 15 0 
90 -9 172 312 22 0 
-97 65 247 362 8 0 
42 31 317 476 25 0 
-73 21 281 399 3 0 
-85 -27 402 566 25 0 
49 -89 431 562 12 0 
35 -19 410 583 12 0 
-61 37 219 340 19 0 
42 -45 162 332 21 0 
92 -94 244 358 5 0 
24 -60 153 285 5 0 
-59 -77 176 269 17 0 
90 30 255 409 7 0 
-12 88 335 440 22 0 
55 16 133 265 15 0 
27 98 428 586 4 0 
-3 -65 197 351 5 0 
98 -38 428 602 20 0 
32 79 155 284 14 0 
28 68 304 483 23 0 
18 -32 343 516 17 0 
-6 -77 290 456 24 0 
-11 64 134 292 2 0 
51 -85 406 505 11 0 
36 -22 339 455 21 0 
-67 -98 102 195 24 0 
-80 -3 304 406 1 0 
87 -2 460 616 18 0 
-57 2 417 576 17 0 
75 74 220 384 11 0 
73 3 425 520 16 0 
68 74 151 245 13 0 
-27 -38 175 316 23 0 
81 89 230 322 9 0 
78 -45 172 327 11 0 
23 -92 341 462 11 0 
-83 16 236 357 7 0 
-67 94 306 468 25 0 
7 -49 250 355 8 0 
-83 73 389 516 2 0 
94 -64 285 414 13 0 
84 28 187 305 17 0 
71 -95 306 400 21 0 
-32 -64 326 443 11 0 
-42 37 208 354 3 0 
-27 -72 73 190 20 0 
13 -61 103 283 12 0 
88 54 176 344 22 0 
-68 -71 417 578 22 0 
-97 9 222 374 18 0 
-81 -61 355 449 17 0 
86 -37 440 606 10 0 
18 29 102 266 10 0 
-50 95 421 583 5 0 
51 13 174 344 22 0 
-63 -54 264 434 18 0 
-97 23 67 195 20 0 
-6 28 202 297 14 0 
10 -92 398 512 7 0 
-45 -3 319 499 21 0 
81 47 385 508 7 0 
-44 -58 446 620 4 0 
55 -22 428 572 1 0 
84 -75 305 408 10 0 
84 68 326 473 24 0 
34 -40 311 411 11 0 
-89 -7 66 189 17 0 
-61 40 331 510 11 0 
-24 -11 356 528 8 0 
64 -53 145 240 8 0 
-0 83 376 540 8 0 
-57 -52 75 183 7 0 
49 34 318 495 16 0 
-9 -93 464 638 3 0 
32 -19 294 411 3 0 
-88 -56 320 472 19 0 
-80 -91 339 500 6 0 
95 66 122 273 18 0 
80 70 254 411 3 0 
-15 86 354 498 7 0 
-36 58 339 443 23 0 
42 -68 116 230 24 0 
-50 87 121 297 21 0 
-71 -23 366 515 6 0 
92 35 112 233 12 0 
48 35 291 431 8 0 
11 -71 404 541 10 0 
-14 64 172 298 9 0 
-23 40 339 505 1 0 
-0 53 325 483 13 0 
-53 73 411 505 13 0 
-36 -99 98 270 6 0 
33 -93 203 382 3 0 
-98 -35 321 468 15 0 
94 -46 361 493 9 0 
15 26 218 370 11 0 
12 27 241 400 20 0 
-77 -31 247 394 7 0 
62 72 323 465 5 0 
87 8 64 172 9 0 
-94 70 421 519 1 0 
43 41 224 381 21 0 
-70 31 408 554 20 0 
80 27 306 438 15 0 
8 93 288 449 3 0 
92 -52 109 217 12 0 
72 16 450 588 17 0 
97 -23 129 303 5 0 
36 47 108 275 2 0 
7 -71 214 318 15 0 
-43 42 169 266 22 0 
-83 90 324 439 12 0 
1 94 274 421 3 0 
40 -1 303 417 15 0 
-18 96 286 390 3 0 
68 32 426 592 13 0 
65 95 151 248 16 0 
22 73 194 352 2 0 
52 17 303 428 1 0 
73 77 428 573 5 0 
-92 -90 194 350 20 0 
41 -58 313 471 7 0 
96 -23 343 463 17 0 
-74 -94 97 231 25 0 
-0 -87 86 258 25 0 
38 1 466 596 14 0 
61 -2 103 197 13 0 
-73 -4 151 326 25 0 
-60 81 370 521 23 0 
60 -30 336 451 16 0 
85 -28 132 285 23 0 
62 34 387 558 2 0 
83 -9 210 384 12 0 
82 29 201 315 3 0 
42 90 138 277 15 0 
63 -83 81 197 5 0 
57 44 375 480 12 0 
-7 15 420 555 4 0 
64 93 314 452 18 0 
80 -79 364 503 16 0 
-48 61 73 246 9 0 
46 296 358 528 1 0 
-20 -33 297 419 24 0 
-6 78 449 580 14 0 
68 91 383 485 13 0 
42 -20 391 554 2 0 
71 -32 181 333 17 0 
16 -74 263 353 1 0 
16 68 166 289 18 0 
-84 28 358 498 13 0 
-90 73 376 527 25 0 
-77 63 230 394 19 0 
20 46 248 366 16 0 
28 43 98 228 16 0 
-33 -30 362 505 11 0 
-16 -76 330 508 24 0 
-64 26 393 497 9 0 
-22 -69 147 322 14 0 
12 -95 197 337 6 0 
87 33 225 349 5 0 
-77 -96 285 460 18 0 
-39 45 169 273 9 0 
-35 10 350 526 17 0 
-65 -65 462 571 6 0 
-83 86 440 593 1 0 
-68 46 341 444 1 0 
58 42 440 589 17 0 
-60 -4 251 406 14 0 
-28 90 454 550 21 0 
-36 81 151 249 24 0 
5 -95 369 490 14 0 
47 -24 358 502 15 0 
59 69 100 229 25 0 
-60 81 118 234 7 0 
96 -91 466 574 5 0 
-40 -59 163 257 2 0 
92 48 361 511 21 0 
-99 -50 459 608 21 0 
-57 86 102 214 22 0 
-2 53 315 446 11 0 
-18 26 70 182 11 0 
86 -91 307 445 3 0 
-62 -85 111 246 23 0 
-22 5 319 473 4 0 
-98 -67 93 260 3 0 
-4 -94 281 414 20 0 
1 -44 290 435 9 0 
71 -85 394 541 21 0 
-26 56 147 262 7 0 
80 -74 408 566 21 0 
-53 -19 301 470 24 0 
30 -62 73 235 3 0 
-56 -51 183 346 14 0 
64 -10 402 520 14 0 
-0 -33 218 380 19 0 
67 76 141 253 15 0 
44 -94 293 419 10 0 
-15 -12 427 533 11 0 
85 45 124 270 19 0 
16 -18 205 359 6 0 
-91 -14 222 364 18 0 
-67 -2 140 278 23 0 
93 -90 348 484 7 0 
69 -41 95 207 9 0 
-19 75 94 190 15 0 
-27 17 100 249 18 0 
-35 45 350 510 18 0 
-90 -14 68 191 8 0 
-74 86 167 316 24 0 
96 -15 257 414 18 0 
-45 -55 276 414 24 0 
-35 -29 445 564 3 0 
-14 80 95 195 9 0 
-77 78 61 178 4 0 
-28 3 104 211 22 0 
55 84 71 177 24 0 
65 -36 87 250 22 0 
52 -25 383 524 11 0 
-85 -75 62 164 11 0 
-90 -90 332 454 20 0 
93 -16 382 503 21 0 
33 61 139 278 6 0 
-75 84 152 262 13 0 
-45 -78 375 518 19 0 
49 -38 99 189 2 0 
57 -44 227 352 9 0 
97 10 143 278 10 0 
41 41 195 326 19 0 
-77 -54 239 380 23 0 
-2 58 204 302 17 0 
26 -63 117 237 17 0 
-83 -42 251 373 4 0 
69 66 85 202 15 0 
-57 -95 103 240 12 0 
-88 48 222 386 25 0 
-18 -81 398 499 6 0 
45 -87 426 549 13 0 
85 -27 266 440 18 0 
-41 -79 279 435 21 0 
21 -18 438 562 24 0 
1 53 191 284 15 0 
23 78 227 334 23 0 
77 -93 249 402 21 0 
21 -81 390 481 20 0 
34 77 467 565 18 0 
-93 73 183 331 22 0 
-84 -85 68 182 23 0 
-50 -81 292 406 8 0 
88 6 97 266 14 0 
-57 43 172 273 21 0 
-74 58 192 366 18 0 
-89 -92 360 498 19 0 
-41 -36 98 189 15 0 
-65 -11 131 256 12 0 
82 46 140 255 12 0 
23 -37 364 528 17 0 
53 -64 387 533 2 0 
89 22 63 184 19 0 
15 96 150 293 20 0 
1 48 111 205 17 0 
71 98 241 397 7 0 
13 22 247 358 18 0 
-6 -51 452 595 15 0 
-34 20 144 293 25 0 
95 -56 319 453 1 0 
-87 -38 60 223 25 0 
-59 -85 108 253 20 0 
-14 76 275 422 12 0 
89 -27 268 426 20 0 
-18 -22 100 204 18 0 
-13 28 117 209 16 0 
78 55 275 421 10 0 
-36 -45 459 567 4 0 
80 75 239 357 13 0 
30 -55 206 329 17 0 
-67 -83 165 295 20 0 
75 -17 442 538 15 0 
46 69 453 608 14 0 
38 17 477 654 16 0 
41 96 154 302 19 0 
-66 -6 442 595 17 0 
-20 95 472 572 19 0 
-37 -37 277 404 20 0 
94 5 373 483 19 0 
50 83 428 519 6 0 
-50 37 155 316 3 0 
17 -58 88 268 8 0 
52 65 154 300 12 0 
-84 29 247 339 5 0 
86 62 229 370 19 0 
-62 27 413 561 6 0 
14 -30 101 242 11 0 
-88 26 113 254 2 0 
-53 -82 211 315 25 0 
37 -72 104 282 20 0 
29 93 385 528 11 0 
-38 -59 158 292 12 0 
88 -28 335 433 3 0 
92 -63 457 608 10 0 
-93 76 470 634 11 0 
-62 -13 371 547 7 0 
14 56 167 283 3 0 
-87 -96 195 310 8 0 
61 81 211 355 10 0 
61 -51 246 424 11 0 
-27 67 84 210 5 0 
97 -86 332 473 23 0 
42 30 340 441 14 0 
-23 8 467 560 19 0 
8 -62 316 439 24 0 
-57 -88 315 432 13 0 
-79 49 346 472 11 0 
-99 34 229 373 3 0 
88 -38 139 292 22 0 
-53 8 449 552 12 0 
-87 17 293 418 6 0 
-66 51 404 495 4 0 
-4 -65 273 384 14 0 
-26 57 278 371 25 0 
66 70 80 180 1 0 
42 59 103 201 2 0 
24 -43 395 562 17 0 
-3 -2 161 326 22 0 
94 48 266 430 2 0 
-70 48 73 217 10 0 
-72 62 254 358 15 0 
-79 -30 460 582 1 0 
-31 -49 283 452 7 0 
2 56 104 231 24 0 
-10 97 87 201 14 0 
-98 -73 169 269 21 0 
93 -10 359 501 3 0 
-90 -73 373 488 25 0 
-71 29 60 218 1 0 
-53 98 135 245 21 0 
39 10 132 229 6 0 
-62 -85 353 518 11 0 
81 69 181 339 7 0 
7 89 127 290 9 0 
-3 46 204 312 4 0 
-93 36 192 322 2 0 
36 -61 90 193 8 0 
-62 13 453 577 24 0 
-34 -97 364 507 8 0 
1 80 321 474 6 0 
-11 -97 430 561 21 0 
91 -95 454 597 23 0 
60 72 429 522 1 0 
97 -18 475 616 2 0 
77 0 106 201 16 0 
-14 60 429 553 5 0 
49 -4 293 429 17 0 
43 -52 230 378 4 0 
-39 27 229 333 20 0 
-82 -36 153 276 5 0 
39 86 241 357 7 0 
79 48 118 223 20 0 
-1 48 420 547 16 0 
68 61 100 237 16 0 
94 -46 116 247 15 0 
-71 59 254 353 23 0 
43 2 399 557 13 0 
-93 -8 329 463 23 0 
-82 8 257 391 10 0 
91 -74 229 390 4 0 
39 77 342 514 12 0 
-28 78 406 525 3 0 
21 -82 182 291 4 0 
-64 78 102 215 19 0 
-23 10 273 365 7 0 
77 63 205 369 14 0 
-91 -70 128 241 22 0 
-13 74 80 226 20 0 
-90 -70 130 233 18 0 
-78 54 197 292 6 0 
96 -60 325 431 18 0 
-79 44 154 328 4 0 
76 -46 159 326 15 0 
48 -47 270 447 5 0 
-22 45 346 492 17 0 
-42 -63 214 329 18 0 
-9 -82 191 361 6 0 
61 38 464 581 3 0 
55 -68 303 448 18 0 
7 -65 122 236 3 0 
26 67 98 254 25 0 
82 9 208 337 6 0 
24 70 132 263 1 0 
-84 38 368 500 19 0 
69 -94 347 456 12 0 
26 71 152 331 4 0 
92 92 304 448 1 0 
52 -56 99 278 12 0 
70 45 416 582 25 0 
-48 -73 257 351 1 0 
49 -86 297 475 10 0 
-40 17 320 412 19 0 
-20 80 174 331 19 0 
-19 -78 155 320 24 0 
77 -5 140 311 7 0 
50 -50 301 462 12 0 
41 90 74 226 8 0 
37 48 77 239 9 0 
-26 -70 305 471 14 0 
-42 -78 443 579 17 0 
16 48 168 294 12 0 
-89 4 230 353 13 0 
-82 56 103 277 7 0 
80 54 404 560 13 0 
-20 -22 249 373 23 0 
-40 -96 169 302 11 0 
-69 -16 293 403 22 0 
-49 -80 461 638 15 0 
-29 36 296 430 24 0 
-11 91 135 253 2 0 
-75 54 151 268 10 0 
-29 -79 398 548 5 0 
-97 -28 302 440 24 0 
-42 -35 369 532 12 0 
51 57 406 548 16 0 
5 48 149 255 2 0 
45 51 324 421 19 0 
33 -82 230 410 1 0 
85 13 228 337 15 0 
44 67 339 497 20 0 
0 19 420 555 10 0 
-26 24 122 214 17 0 
73 84 134 291 6 0 
-90 60 308 446 5 0 
-70 96 152 323 11 0 
-76 66 324 417 25 0 
-23 78 298 458 25 0 
-90 6 375 535 23 0 
48 -15 309 450 1 0 
34 -59 217 324 2 0 
77 2 328 446 3 0 
-74 86 142 240 17 0 
44 -72 398 505 2 0 
-20 -73 119 245 5 0 
-62 -69 163 307 16 0 
36 -26 67 173 8 0 
-83 -19 208 338 10 0 
-9 -98 214 325 14 0 
-50 99 446 620 12 0 
-83 84 268 421 16 0 
-77 65 395 509 25 0 
15 72 379 497 11 0 
23 -49 187 326 13 0 
4 -83 101 216 13 0 
-24 29 96 273 19 0 
40 -76 96 216 25 0 
-54 8 364 499 5 0 
44 -99 449 588 20 0 
83 45 349 509 19 0 
76 -20 149 284 19 0 
-89 -10 82 193 10 0 
15 82 241 365 25 0 
-32 -22 106 220 15 0 
-41 -71 150 261 14 0 
88 -78 235 398 8 0 
98 92 351 491 10 0 
-81 85 170 324 19 0 
66 -59 214 316 21 0 
-57 -78 215 393 16 0 
-37 -30 338 433 3 0 
-69 7 359 477 25 0 
-10 53 104 271 11 0 
51 -68 164 336 21 0 
-56 -62 212 369 6 0 
99 -99 256 354 12 0 
-25 -19 326 483 14 0 
-73 98 137 292 10 0 
40 -65 281 383 5 0 
-44 29 263 415 14 0 
31 -80 247 339 20 0 
22 41 220 314 9 0 
-56 13 278 432 23 0 
-76 -77 334 442 23 0 
-69 98 218 358 2 0 
36 54 259 428 24 0 
54 -51 108 248 13 0 
41 -64 216 388 20 0 
35 52 293 424 10 0 
-34 -38 399 579 9 0 
-34 11 69 162 11 0 
64 80 314 492 23 0 
70 11 146 316 7 0 
-10 -88 327 496 18 0 
2 4 0 
21 -8 0 
-43 -18 0 
-10 -37 0 
0 0 0 
76 185 0