64 48 212 441 14 0 
-84 74 241 473 11 0 
-66 -28 160 398 8 0 
-9 -50 261 448 3 0 
47 79 242 559 15 0 
90 -8 96 393 8 0 
-88 61 201 448 4 0 
44 -63 250 603 2 0 
57 75 226 445 24 0 
42 -86 169 516 16 0 
-64 -81 146 467 16 0 
-70 58 66 419 1 0 
-83 19 272 626 24 0 
8 -63 77 383 17 0 
28 96 91 274 5 0 
91 46 288 488 17 0 
22 94 250 456 17 0 
85 -47 158 507 5 0 
-98 70 245 576 25 0 
-75 -60 156 487 2 0 
-28 28 72 338 11 0 
35 84 221 530 25 0 
-36 -76 170 354 18 0 
33 29 257 612 19 0 
24 98 207 544 22 0 
-20 72 120 335 12 0 
-29 -52 239 494 16 0 
-72 -82 264 590 14 0 
-4 -34 85 380 11 0 
50 12 218 558 6 0 
2 65 106 412 19 0 
82 -49 205 435 5 0 
30 -89 84 440 8 0 
89 79 281 508 13 0 
-77 -3 245 505 2 0 
0 52 117 473 13 0 
-85 -92 107 424 22 0 
93 -22 266 604 1 0 
25 57 205 533 1 0 
21 -91 224 418 3 0 
-61 -17 242 547 25 0 
79 98 136 344 17 0 
68 80 260 474 9 0 
2 -81 217 523 23 0 
-73 -96 141 339 2 0 
0 19 255 451 21 0 
80 -95 269 609 10 0 
-73 32 200 505 9 0 
-16 -59 263 512 21 0 
-32 -18 283 630 9 0 
98 -51 213 458 10 0 
63 -20 71 376 25 0 
-90 24 88 319 8 0 
44 -83 281 617 14 0 
-38 -49 76 336 15 0 
74 -64 219 577 14 0 
-45 -5 60 329 8 0 
-95 56 210 444 4 0 
-31 51 274 481 11 0 
-15 78 278 495 2 0 
75 49 266 491 22 0 
81 -18 255 578 16 0 
-69 0 60 397 5 0 
67 92 122 321 19 0 
-60 92 175 367 21 0 
88 87 132 357 21 0 
24 12 246 550 13 0 
-32 94 128 382 6 0 
49 -73 88 342 7 0 
-79 77 116 329 25 0 
-25 -50 206 548 2 0 
-65 -88 85 427 18 0 
-34 -80 224 488 15 0 
-11 -40 224 453 2 0 
-27 18 72 387 4 0 
67 -33 273 539 19 0 
23 -0 66 291 14 0 
98 -19 83 325 7 0 
-79 71 215 437 23 0 
58 -93 92 386 20 0 
-35 27 138 369 1 0 
-98 -62 222 500 21 0 
15 33 206 467 25 0 
51 -97 174 456 25 0 
35 -52 245 457 22 0 
-87 -77 132 372 24 0 
-16 -66 248 527 19 0 
-79 29 298 649 15 0 
93 -43 205 414 7 0 
-90 -13 206 510 10 0 
-73 -29 172 407 4 0 
71 -59 100 432 8 0 
-78 63 60 352 25 0 
10 89 149 400 20 0 
-69 25 215 419 1 0 
22 87 287 631 22 0 
-75 69 256 596 14 0 
-67 60 122 414 5 0 
54 -23 131 463 24 0 
64 40 267 516 19 0 
39 -75 264 620 22 0 
60 73 172 451 2 0 
-35 -74 112 340 19 0 
-86 19 104 294 25 0 
43 45 187 496 9 0 
-86 50 292 652 17 0 
56 -73 112 372 21 0 
-16 40 90 420 6 0 
-1 -19 177 469 24 0 
-66 -16 173 365 4 0 
15 -18 117 318 21 0 
98 12 113 313 2 0 
-86 -67 138 495 19 0 
96 39 66 342 20 0 
-25 28 260 467 16 0 
59 14 157 403 14 0 
20 8 149 400 7 0 
41 -60 185 478 19 0 
-44 17 66 327 14 0 
-61 -18 87 349 13 0 
-96 -52 256 557 13 0 
-73 -23 203 473 25 0 
-7 83 231 590 14 0 
-82 -60 263 542 23 0 
-11 -51 136 443 14 0 
91 -56 266 454 23 0 
-55 49 102 400 10 0 
-33 97 83 349 16 0 
-68 65 250 444 21 0 
69 -43 97 344 7 0 
-57 60 257 604 6 0 
58 37 124 469 13 0 
60 -11 129 389 2 0 
98 -4 216 563 11 0 
-88 -55 98 423 14 0 
50 -47 167 520 19 0 
70 -69 121 340 25 0 
55 -29 238 592 14 0 
-83 -2 283 486 5 0 
33 -43 109 460 20 0 
95 88 246 594 16 0 
68 -77 60 402 17 0 
0 -84 179 466 23 0 
60 50 174 504 2 0 
-60 37 136 418 10 0 
69 -95 104 437 11 0 
-67 -59 144 386 13 0 
-24 37 182 514 13 0 
7 13 127 312 11 0 
31 73 103 363 18 0 
-53 -18 96 361 4 0 
-17 75 187 546 25 0 
79 -84 167 439 19 0 
94 97 174 430 13 0 
96 1 149 489 1 0 
-76 -58 119 359 20 0 
-66 57 123 322 14 0 
4 -19 76 410 18 0 
-11 61 246 518 13 0 
37 0 238 437 1 0 
2 22 65 291 10 0 
-7 -49 202 504 18 0 
-10 82 241 534 15 0 
58 -44 208 448 23 0 
42 -96 166 423 4 0 
13 77 212 514 16 0 
-72 -65 297 616 18 0 
72 -53 173 511 13 0 
98 -15 280 530 12 0 
-36 -98 271 518 21 0 
-46 -89 240 457 14 0 
-63 -81 257 546 10 0 
-25 -12 266 465 21 0 
30 85 204 547 8 0 
72 -49 217 573 5 0 
-29 -16 61 333 16 0 
72 -39 293 532 25 0 
-43 -67 173 423 16 0 
58 77 202 498 21 0 
-72 -38 153 394 3 0 
-31 28 252 540 23 0 
-12 -51 76 267 16 0 
34 19 183 482 8 0 
20 5 220 552 23 0 
3 49 206 555 22 0 
-28 -67 290 626 7 0 
95 -76 254 448 24 0 
-20 88 300 606 6 0 
17 -32 68 248 7 0 
14 67 123 377 15 0 
80 74 186 420 6 0 
97 -94 150 368 14 0 
-25 69 270 613 25 0 
-28 -99 191 407 16 0 
50 30 237 571 8 0 
-71 2 175 438 9 0 
12 -98 177 475 21 0 
-62 -8 194 424 2 0 
56 -70 100 280 4 0 
-31 -31 61 251 16 0 
-43 90 281 607 1 0 
26 -69 112 366 19 0 
-69 52 245 566 3 0 
-54 -13 86 363 16 0 
15 -80 254 484 1 0 
-83 -49 212 422 5 0 
40 -79 126 465 25 0 
-67 44 115 298 15 0 
59 38 287 528 2 0 
1 -67 159 504 13 0 
44 87 120 399 19 0 
57 35 180 494 23 0 
-99 78 82 423 22 0 
99 86 106 452 23 0 
-70 -12 200 464 10 0 
24 -38 220 559 8 0 
-53 -49 270 494 22 0 
95 10 286 645 24 0 
-31 4 115 387 9 0 
47 62 209 565 12 0 
-66 -37 147 496 5 0 
17 -31 172 455 5 0 
-36 75 180 457 6 0 
66 -40 299 507 16 0 
90 -46 167 428 5 0 
-77 49 146 389 12 0 
-52 77 296 632 12 0 
44 -35 199 380 9 0 
7 -10 225 574 15 0 
6 11 82 433 25 0 
-33 98 166 469 6 0 
-16 -52 162 485 25 0 
-2 -45 97 372 9 0 
-66 15 71 251 24 0 
76 -30 248 500 11 0 
-60 -67 190 424 14 0 
-24 -86 112 339 8 0 
98 16 229 559 11 0 
1 -57 177 505 20 0 
68 -78 233 487 18 0 
-9 -86 270 494 5 0 
49 13 152 357 3 0 
-4 -91 234 529 3 0 
89 -18 146 370 23 0 
-17 5 138 374 10 0 
-98 -67 273 593 10 0 
11 -85 184 512 21 0 
-72 -68 72 282 17 0 
62 43 237 518 1 0 
5 56 89 448 1 0 
-65 -53 143 475 10 0 
37 60 107 307 4 0 
-82 34 107 384 24 0 
36 56 171 491 5 0 
-60 80 87 400 17 0 
-68 -63 276 526 6 0 
-66 89 178 518 20 0 
66 -12 167 448 4 0 
6 -0 182 512 2 0 
-65 -44 75 314 5 0 
95 -81 128 428 24 0 
67 -89 228 567 6 0 
90 -91 191 478 17 0 
-42 -73 193 437 21 0 
-14 -25 122 455 19 0 
88 -76 72 292 16 0 
5 65 249 439 15 0 
-48 -14 94 373 2 0 
11 27 144 439 19 0 
-96 30 164 404 5 0 
55 45 96 277 5 0 
-10 79 291 583 10 0 
-34 -80 195 475 13 0 
-53 -61 205 455 20 0 
97 -8 69 416 6 0 
-48 91 177 482 13 0 
70 -52 255 499 20 0 
-37 97 220 503 12 0 
-95 33 258 529 17 0 
-85 -28 274 522 25 0 
-7 -37 298 584 5 0 
-87 -91 291 624 23 0 
63 3 280 613 6 0 
64 -56 85 280 20 0 
88 69 287 557 23 0 
-4 80 258 542 1 0 
-66 -98 224 539 12 0 
47 -92 289 488 21 0 
24 -64 140 389 7 0 
47 5 295 532 14 0 
-71 87 212 452 14 0 
27 75 254 540 3 0 
77 -49 125 330 5 0 
-18 -31 88 407 2 0 
81 20 106 365 17 0 
96 -89 214 465 11 0 
47 93 97 373 22 0 
38 57 150 486 11 0 
20 -68 295 578 3 0 
-67 -71 95 362 8 0 
2 -18 78 411 3 0 
-65 -14 284 622 23 0 
-51 8 265 601 9 0 
98 60 115 341 17 0 
-42 -98 136 458 20 0 
-66 -98 155 390 3 0 
-97 -54 208 426 21 0 
13 -13 110 353 3 0 
89 41 188 377 2 0 
28 -8 215 464 11 0 
30 -37 234 453 9 0 
-2 16 291 581 8 0 
46 -68 298 656 23 0 
-1 90 108 411 23 0 
-81 82 136 408 2 0 
91 -73 64 315 7 0 
-12 86 291 630 19 0 
22 -38 270 523 10 0 
98 -31 119 327 14 0 
99 72 299 487 9 0 
-79 -5 268 601 23 0 
-96 -66 298 542 6 0 
-41 -70 184 430 17 0 
33 40 72 416 11 0 
-10 -29 262 556 10 0 
-24 0 193 484 8 0 
29 41 280 496 1 0 
-2 -50 205 554 12 0 
65 -86 62 270 25 0 
-16 -56 249 452 6 0 
-57 -98 232 584 6 0 
-56 16 94 334 18 0 
15 -76 78 432 16 0 
-75 58 203 415 7 0 
96 62 225 526 3 0 
-93 -43 93 374 15 0 
64 -80 98 304 9 0 
-69 23 294 529 18 0 
55 -25 151 343 18 0 
-80 90 259 538 23 0 
56 -49 62 273 13 0 
-57 -74 77 345 9 0 
53 -39 284 579 4 0 
81 -0 254 509 22 0 
32 55 127 351 7 0 
-48 54 286 569 22 0 
23 -73 191 402 5 0 
-11 68 210 569 13 0 
-68 58 253 539 4 0 
73 -97 103 404 8 0 
30 82 134 320 25 0 
93 -68 102 356 12 0 
75 -1 64 312 20 0 
80 -17 137 415 19 0 
-13 73 116 302 3 0 
-86 3 263 474 20 0 
-80 17 290 558 2 0 
-17 78 114 369 13 0 
12 -81 70 317 4 0 
19 -81 148 332 5 0 
-36 -47 133 462 7 0 
21 -55 261 549 13 0 
-83 -33 125 371 19 0 
-68 -2 74 324 24 0 
27 -16 78 437 5 0 
48 -54 62 327 19 0 
-45 -49 182 455 14 0 
-58 77 147 452 10 0 
-59 74 238 447 23 0 
75 73 106 451 23 0 
41 -21 114 423 14 0 
-50 -11 253 488 2 0 
21 -16 149 352 5 0 
-19 -83 130 382 10 0 
-20 67 82 320 19 0 
54 -43 142 349 3 0 
-89 -29 144 421 20 0 
-30 -4 165 390 12 0 
-72 -57 213 459 18 0 
58 -88 136 479 18 0 
47 49 214 435 12 0 
98 1 135 387 19 0 
70 -6 191 393 10 0 
20 -81 94 413 20 0 
80 57 262 489 19 0 
76 -61 243 500 12 0 
17 0 81 296 16 0 
90 -61 280 541 19 0 
58 -98 66 266 9 0 
-18 87 271 467 22 0 
80 -82 266 505 25 0 
22 43 204 417 17 0 
99 -7 225 421 10 0 
-74 -85 234 477 7 0 
31 -99 243 476 24 0 
17 -9 173 382 19 0 
19 -3 253 535 22 0 
9 -31 145 336 5 0 
93 -69 254 582 15 0 
-49 2 286 571 15 0 
84 97 91 277 23 0 
-35 60 260 603 2 0 
27 75 206 540 22 0 
-95 51 269 514 5 0 
90 83 236 416 3 0 
-16 50 256 493 23 0 
91 67 279 539 3 0 
-5 29 102 341 3 0 
24 -56 209 500 23 0 
-15 -73 117 436 1 0 
-5 49 258 452 11 0 
47 37 132 331 4 0 
19 55 103 393 23 0 
76 -37 153 459 6 0 
36 -41 130 316 18 0 
-16 46 133 399 9 0 
-72 -67 66 349 13 0 
11 -71 180 473 12 0 
73 30 277 507 10 0 
-23 94 87 380 21 0 
-62 -59 155 481 24 0 
70 83 78 420 3 0 
-16 -31 215 439 12 0 
-70 -21 299 596 11 0 
2 -18 161 383 16 0 
-73 29 155 504 8 0 
-77 -30 115 323 13 0 
-45 52 168 501 1 0 
-56 -38 288 530 1 0 
-85 -65 202 388 20 0 
-92 -45 238 535 24 0 
-68 20 201 392 18 0 
70 -16 214 550 22 0 
24 -88 179 528 2 0 
-42 11 255 549 9 0 
35 -87 217 527 18 0 
39 44 105 421 4 0 
89 77 176 454 19 0 
63 -99 97 419 16 0 
-56 70 235 455 10 0 
86 48 196 399 9 0 
-26 -10 218 541 1 0 
84 5 176 474 4 0 
22 -82 283 629 12 0 
16 -27 107 417 19 0 
40 50 290 514 16 0 
-28 70 196 451 20 0 
-17 -37 153 410 6 0 
18 68 143 418 25 0 
-31 -77 269 582 7 0 
-92 71 295 613 21 0 
99 -19 208 405 18 0 
83 -92 135 441 24 0 
65 21 127 317 15 0 
-29 -96 224 518 7 0 
66 -57 290 559 23 0 
99 76 127 351 17 0 
-85 -25 91 371 5 0 
-24 -63 203 499 10 0 
-88 28 93 330 6 0 
-39 -27 252 564 22 0 
33 -15 151 334 24 0 
-37 82 297 576 17 0 
-81 -99 144 326 23 0 
16 -96 219 488 9 0 
-31 75 85 319 6 0 
61 -97 228 437 23 0 
57 78 227 421 25 0 
-74 64 179 497 14 0 
-56 -97 102 408 24 0 
8 -41 98 432 4 0 
56 -93 65 249 4 0 
68 70 296 608 16 0 
-5 -42 291 509 9 0 
-3 -44 218 441 14 0 
-81 -70 160 360 2 0 
-13 43 176 465 5 0 
85 55 277 629 15 0 
27 20 185 511 13 0 
81 97 297 477 20 0 
-96 -80 115 428 19 0 
-9 -72 217 432 17 0 
55 88 277 595 23 0 
83 -48 222 439 18 0 
98 -99 234 506 4 0 
60 98 212 533 23 0 
-63 34 62 349 20 0 
-55 -92 261 606 11 0 
-89 -1 193 511 23 0 
-7 -33 287 510 5 0 
-31 68 77 262 16 0 
-33 -59 170 432 25 0 
62 53 265 549 19 0 
-91 -6 248 437 4 0 
-56 59 240 495 12 0 
-40 -21 171 526 23 0 
26 -76 188 448 23 0 
-35 -80 78 360 4 0 
21 88 296 624 11 0 
-58 7 113 307 18 0 
-1 -90 115 364 11 0 
-56 -4 230 557 25 0 
-55 -89 296 560 17 0 
68 -27 210 518 20 0 
34 4 194 478 22 0 
-94 90 228 464 2 0 
-57 53 242 472 17 0 
7 -94 203 396 17 0 
-62 83 253 596 4 0 
-60 -53 130 420 6 0 
-43 -69 192 445 4 0 
97 81 216 504 7 0 
89 -60 276 571 18 0 
44 -7 211 426 4 0 
17 -26 184 427 20 0 
-87 -34 291 541 14 0 
34 52 89 427 6 0 
96 -38 275 635 18 0 
79 76 216 401 1 0 
2 71 299 613 3 0 
3 -31 128 476 17 0 
-95 -18 281 539 23 0 
-29 -45 266 461 4 0 
6 45 110 371 9 0 
-42 79 61 260 4 0 
36 66 286 606 11 0 
42 -84 299 514 8 0 
56 -12 299 503 17 0 
-95 36 80 323 8 0 
-88 -52 130 403 6 0 
64 91 118 357 6 0 
-72 -70 232 586 3 0 
32 -38 76 325 23 0 
54 78 248 443 12 0 
27 3 117 401 25 0 
76 -82 84 439 3 0 
-38 -27 274 496 4 0 
87 46 63 361 13 0 
7 -86 180 428 10 0 
59 -34 297 549 3 0 
78 95 298 564 16 0 
-65 -85 204 448 11 0 
57 -90 205 388 23 0 
-94 13 141 471 20 0 
32 59 179 505 14 0 
-72 -96 257 596 14 0 
-51 -62 161 504 4 0 
-51 92 147 408 18 0 
-56 -69 269 617 20 0 
26 81 125 428 22 0 
-95 75 207 422 24 0 
-79 43 200 521 16 0 
-31 -78 146 506 10 0 
-5 50 117 444 20 0 
-95 63 143 441 1 0 
62 -50 236 426 25 0 
-4 67 210 568 15 0 
28 87 135 396 9 0 
85 19 114 306 8 0 
-37 77 260 485 15 0 
99 42 150 411 18 0 
-96 -30 300 517 1 0 
72 61 152 383 18 0 
-52 -32 279 466 14 0 
-56 -88 173 480 17 0 
-21 -70 208 423 8 0 
-13 78 183 497 2 0 
90 -84 128 385 12 0 
-22 -36 246 547 4 0 
26 -3 231 517 18 0 
17 -14 86 382 19 0 
-63 -27 62 302 7 0 
87 22 236 580 21 0 
15 -40 138 407 13 0 
-1 93 215 428 9 0 
53 -70 174 358 12 0 
29 -30 74 398 12 0 
-99 -76 65 328 4 0 
-48 -17 90 433 6 0 
-4 -89 265 453 2 0 
-85 13 237 502 2 0 
-95 8 153 342 24 0 
3 92 246 466 15 0 
10 53 119 345 14 0 
89 -97 162 403 20 0 
24 -49 103 296 9 0 
-57 -82 296 529 13 0 
55 -26 148 469 17 0 
91 -49 71 326 12 0 
7 -54 261 529 18 0 
21 53 183 366 19 0 
-32 51 102 451 12 0 
55 -83 193 521 1 0 
-7 -80 191 406 18 0 
-64 -91 273 617 21 0 
-31 58 64 367 6 0 
-55 -1 277 589 21 0 
20 -20 296 511 20 0 
6 -55 169 417 22 0 
12 73 163 385 11 0 
56 72 133 428 9 0 
27 -45 284 614 15 0 
-17 65 65 386 12 0 
97 -22 96 419 9 0 
32 84 196 454 2 0 
-50 50 149 332 11 0 
72 67 199 559 10 0 
-25 -26 198 464 25 0 
8 72 171 436 23 0 
-69 88 63 246 13 0 
96 95 115 383 10 0 
21 -15 65 393 22 0 
38 34 134 349 7 0 
21 -6 86 408 6 0 
-33 -72 260 592 22 0 
66 -7 149 365 12 0 
-98 -52 152 416 18 0 
-83 38 205 505 8 0 
23 -7 172 401 17 0 
15 46 116 387 4 0 
-1 89 105 340 16 0 
5 -87 77 374 20 0 
-48 -60 62 335 2 0 
89 -87 139 387 22 0 
-61 -49 211 428 4 0 
-98 44 292 582 20 0 
87 47 255 525 14 0 
76 40 130 420 5 0 
65 -25 138 454 7 0 
4 -52 264 530 22 0 
-77 8 299 564 11 0 
33 -98 237 490 22 0 
21 -49 252 559 19 0 
-62 -27 279 557 8 0 
98 -30 188 477 2 0 
-10 65 70 319 5 0 
-77 -97 258 545 15 0 
-95 97 76 295 24 0 
-58 -25 244 432 12 0 
-94 99 152 422 19 0 
82 -92 149 478 4 0 
46 -80 114 460 22 0 
-53 -4 150 377 13 0 
76 96 185 441 20 0 
14 29 183 471 19 0 
-89 89 259 537 18 0 
-22 -21 164 501 5 0 
83 -92 232 564 16 0 
16 40 234 572 21 0 
-20 -68 130 334 25 0 
-92 98 229 490 1 0 
-11 -56 200 405 25 0 
-39 56 233 417 25 0 
-50 -60 145 412 11 0 
-35 -80 273 633 9 0 
-90 40 62 272 11 0 
42 -98 284 512 20 0 
-31 7 99 412 24 0 
2 18 129 349 10 0 
-3 -86 280 598 15 0 
28 23 199 382 6 0 
41 -65 91 309 2 0 
-93 4 124 378 13 0 
2 -61 92 392 4 0 
47 52 228 539 9 0 
-53 -94 75 280 9 0 
-91 -73 115 336 24 0 
-96 -83 82 327 15 0 
-76 -17 68 292 10 0 
82 -36 121 305 3 0 
38 -35 215 422 12 0 
-90 -46 140 466 6 0 
-48 35 174 379 2 0 
11 -51 84 444 20 0 
83 19 85 350 12 0 
72 -2 219 518 13 0 
-96 -78 273 493 3 0 
-86 -11 266 562 18 0 
52 -74 272 605 6 0 
94 -15 244 574 6 0 
-64 -73 85 375 7 0 
-51 95 85 274 16 0 
27 62 284 601 23 0 
12 -51 239 486 11 0 
76 -44 282 509 22 0 
37 47 144 380 6 0 
68 -64 272 619 25 0 
44 -62 101 347 24 0 
45 44 106 339 5 0 
19 46 219 538 16 0 
53 84 283 555 5 0 
94 12 289 502 3 0 
98 -50 260 518 3 0 
51 -83 294 538 19 0 
-11 -11 128 383 5 0 
96 10 175 367 1 0 
-96 -92 73 255 11 0 
-28 -38 280 584 16 0 
70 -15 260 579 16 0 
62 -48 99 428 5 0 
-50 0 101 386 17 0 
58 -25 125 446 5 0 
98 25 108 360 5 0 
69 -33 77 262 11 0 
1 33 180 484 7 0 
-66 90 61 363 4 0 
-27 43 223 450 10 0 
-84 19 174 500 14 0 
74 72 191 527 22 0 
-87 -53 185 430 1 0 
-90 45 171 379 2 0 
-74 87 146 481 5 0 
6 -72 230 415 15 0 
-13 -27 124 442 15 0 
-32 -49 291 540 7 0 
80 46 72 276 12 0 
20 -47 144 384 4 0 
-23 -99 165 429 7 0 
43 81 161 507 1 0 
97 54 151 507 5 0 
44 -25 0 
-32 14 0 
37 13 0 
-15 12 0 
0 0 0 
68 185 0