70 -29 445 541 5 0 
-79 74 316 408 6 0 
97 -85 237 335 12 0 
68 -19 239 334 11 0 
-87 91 459 568 2 0 
-27 1 231 394 24 0 
49 40 189 348 21 0 
93 62 82 250 19 0 
66 -43 136 231 20 0 
77 98 274 381 14 0 
-60 86 444 578 3 0 
79 -50 130 281 19 0 
64 14 258 382 12 0 
94 54 207 354 3 0 
-52 66 396 571 25 0 
15 8 95 217 21 0 
35 -64 148 271 5 0 
23 83 309 435 15 0 
-11 10 209 352 19 0 
64 39 170 329 25 0 
-70 -90 338 518 25 0 
-87 68 471 575 11 0 
27 -34 414 560 13 0 
-53 46 76 192 13 0 
-95 -1 463 555 5 0 
19 74 457 588 1 0 
-26 -12 60 178 1 0 
19 74 435 583 14 0 
-95 60 384 555 25 0 
48 -11 221 376 11 0 
42 -4 78 226 10 0 
43 61 386 516 14 0 
29 -98 410 532 22 0 
42 -69 386 503 13 0 
-45 29 99 246 7 0 
-9 -86 322 420 3 0 
3 33 88 208 21 0 
85 -79 421 564 5 0 
57 80 405 548 10 0 
96 57 450 576 8 0 
91 -41 182 296 19 0 
9 93 391 518 20 0 
63 94 226 324 23 0 
77 47 232 387 3 0 
-36 -47 184 355 19 0 
-72 23 459 634 18 0 
-78 -50 460 551 18 0 
4 -89 154 332 7 0 
0 92 474 604 25 0 
-76 47 422 516 16 0 
83 -95 113 207 13 0 
93 52 412 542 17 0 
59 22 390 499 4 0 
-77 -94 478 581 15 0 
34 -85 230 398 24 0 
-55 -62 418 570 1 0 
-98 -73 350 449 1 0 
-73 -18 314 462 14 0 
-13 37 363 521 17 0 
82 -16 284 422 6 0 
19 73 258 409 6 0 
-97 57 255 397 24 0 
57 -82 480 596 13 0 
-82 47 390 518 23 0 
44 -40 334 431 9 0 
95 -2 459 559 25 0 
-8 -84 423 553 8 0 
66 -86 424 560 1 0 
66 -78 107 222 5 0 
40 90 156 289 9 0 
3 -41 425 580 12 0 
62 93 357 482 12 0 
-88 48 331 454 7 0 
-35 69 373 552 19 0 
48 21 399 568 17 0 
-87 53 290 401 20 0 
-33 28 143 305 1 0 
-81 -82 322 479 14 0 
92 -10 334 438 18 0 
70 -85 362 510 10 0 
35 40 299 412 21 0 
-54 90 427 606 14 0 
35 33 437 545 8 0 
-33 -83 96 258 18 0 
42 -55 312 470 8 0 
-94 -36 123 275 1 0 
89 42 458 560 23 0 
-57 65 107 229 1 0 
-78 80 256 422 19 0 
23 24 69 214 23 0 
79 96 225 374 8 0 
-63 -5 102 274 24 0 
93 8 102 270 15 0 
-13 93 98 221 6 0 
-50 -72 349 457 5 0 
-84 -67 75 214 11 0 
44 41 350 491 8 0 
-62 65 378 522 24 0 
56 40 437 596 6 0 
60 -71 190 299 23 0 
59 -28 308 435 1 0 
27 10 385 540 7 0 
-11 55 463 561 5 0 
15 -71 450 629 1 0 
2 -68 107 218 9 0 
58 48 327 454 12 0 
-68 85 464 644 15 0 
61 -70 97 201 25 0 
26 69 416 576 10 0 
62 -59 272 432 19 0 
65 -79 109 264 8 0 
28 -57 232 378 9 0 
-70 -80 182 310 25 0 
88 -62 142 319 19 0 
90 65 184 360 22 0 
50 43 272 398 21 0 
63 15 343 449 23 0 
-96 -76 248 425 16 0 
-6 -8 374 534 23 0 
-88 36 90 187 7 0 
57 74 260 391 15 0 
75 -22 217 359 5 0 
22 -58 218 376 19 0 
-80 -68 74 253 3 0 
77 55 157 273 21 0 
44 29 385 479 12 0 
31 34 329 457 12 0 
-53 30 210 307 7 0 
-29 -67 251 411 3 0 
55 -74 194 288 6 0 
-25 35 242 359 24 0 
20 20 231 371 6 0 
46 -91 407 500 3 0 
-66 -46 340 478 15 0 
75 -35 424 559 7 0 
36 60 156 276 9 0 
61 97 126 246 18 0 
81 81 360 474 21 0 
-49 -60 303 470 20 0 
44 -53 340 498 24 0 
37 -68 295 430 7 0 
-53 -23 311 440 10 0 
-57 44 75 190 3 0 
39 -95 118 232 12 0 
-91 -65 274 397 10 0 
8 65 200 302 3 0 
75 89 420 519 18 0 
99 -49 303 468 16 0 
-23 95 67 196 25 0 
-79 -22 419 564 19 0 
15 95 136 260 18 0 
-84 -0 155 309 1 0 
91 69 95 233 14 0 
-60 81 263 391 19 0 
17 56 364 500 18 0 
-66 -41 87 180 18 0 
-4 9 256 379 18 0 
-6 85 401 553 11 0 
-75 97 274 378 20 0 
7 40 63 237 19 0 
-52 99 382 492 18 0 
89 21 383 540 1 0 
-29 -36 352 460 4 0 
19 -61 374 508 7 0 
83 -44 242 382 8 0 
-81 -88 234 403 1 0 
15 38 444 571 15 0 
71 46 360 484 6 0 
58 92 279 386 25 0 
-34 -90 156 263 2 0 
4 90 105 215 6 0 
-79 43 352 521 4 0 
79 -61 421 539 2 0 
-97 4 113 288 22 0 
-71 18 466 629 13 0 
-63 50 354 498 25 0 
70 97 237 393 25 0 
98 -21 391 561 4 0 
90 89 146 276 13 0 
-89 -86 310 454 14 0 
54 31 302 477 17 0 
-47 -99 396 569 15 0 
77 -32 451 543 8 0 
-50 44 410 514 16 0 
-24 -41 130 272 25 0 
-79 52 196 351 4 0 
21 -51 228 346 23 0 
57 68 111 241 3 0 
-34 -70 199 358 11 0 
-42 92 264 411 13 0 
43 -18 194 296 8 0 
-68 28 221 318 7 0 
79 99 110 217 5 0 
73 2 396 511 13 0 
-8 41 236 345 13 0 
56 -85 442 574 1 0 
65 15 238 410 1 0 
89 0 80 227 18 0 
-86 -15 213 313 13 0 
-75 30 229 361 25 0 
28 64 95 239 14 0 
-88 20 266 393 20 0 
68 47 415 545 10 0 
-67 -58 304 407 24 0 
84 -23 136 278 25 0 
-14 82 285 390 9 0 
-40 -74 331 501 16 0 
-24 78 133 284 19 0 
-28 -84 263 406 3 0 
64 -26 214 337 18 0 
85 -52 110 286 21 0 
-79 45 180 307 6 0 
-5 88 258 416 10 0 
-78 49 264 379 22 0 
-63 73 257 393 14 0 
-3 -99 397 505 5 0 
7 -5 466 620 25 0 
19 -27 349 489 15 0 
44 -16 393 507 11 0 
72 -74 100 227 7 0 
-16 37 205 366 13 0 
94 92 76 199 10 0 
56 -84 136 245 18 0 
68 26 277 391 25 0 
-99 28 157 253 24 0 
-45 50 129 275 21 0 
3 92 290 417 2 0 
20 -69 257 357 19 0 
-40 -77 225 331 23 0 
-57 -72 356 520 9 0 
56 65 139 252 9 0 
69 80 305 399 11 0 
90 -9 72 189 20 0 
-97 65 466 631 24 0 
42 31 383 539 16 0 
-73 21 454 564 2 0 
-85 -27 302 400 19 0 
49 -89 146 239 10 0 
35 -19 119 239 3 0 
-61 37 428 556 7 0 
42 -45 434 553 7 0 
92 -94 128 292 22 0 
24 -60 220 349 4 0 
-59 -77 162 284 1 0 
90 30 190 342 22 0 
-12 88 439 606 3 0 
55 16 353 471 2 0 
27 98 271 448 16 0 
-3 -65 399 499 25 0 
98 -38 228 331 24 0 
32 79 456 549 2 0 
28 68 289 462 1 0 
18 -32 422 527 21 0 
-6 -77 279 394 15 0 
-11 64 476 605 20 0 
51 -85 337 429 11 0 
36 -22 138 312 1 0 
-67 -98 189 351 10 0 
-80 -3 434 576 13 0 
87 -2 362 507 10 0 
-57 2 120 252 10 0 
75 74 126 283 7 0 
73 3 197 319 11 0 
68 74 73 214 18 0 
-27 -38 137 283 11 0 
81 89 451 563 18 0 
78 -45 216 352 22 0 
23 -92 236 351 15 0 
-83 16 344 515 9 0 
-67 94 311 458 9 0 
7 -49 437 528 10 0 
-83 73 451 621 25 0 
94 -64 146 307 19 0 
84 28 104 195 21 0 
71 -95 132 289 23 0 
-32 -64 346 509 1 0 
-42 37 476 580 4 0 
-27 -72 259 381 16 0 
13 -61 472 612 1 0 
88 54 297 451 5 0 
-68 -71 448 620 4 0 
-97 9 379 517 7 0 
-81 -61 188 342 8 0 
86 -37 293 427 2 0 
18 29 123 247 5 0 
-50 95 77 234 4 0 
51 13 200 366 23 0 
-63 -54 66 195 8 0 
-97 23 200 321 10 0 
-6 28 237 356 16 0 
10 -92 389 537 9 0 
-45 -3 381 555 25 0 
81 47 81 261 23 0 
-44 -58 413 534 1 0 
55 -22 304 468 16 0 
84 -75 441 602 4 0 
84 68 65 175 9 0 
34 -40 184 347 16 0 
-89 -7 163 288 21 0 
-61 40 470 574 14 0 
-24 -11 246 416 4 0 
64 -53 389 488 7 0 
-0 83 180 318 10 0 
-57 -52 76 192 14 0 
49 34 397 539 1 0 
-9 -93 180 350 19 0 
32 -19 255 405 3 0 
-88 -56 232 365 18 0 
-80 -91 158 328 19 0 
95 66 281 447 20 0 
80 70 147 257 19 0 
-15 86 468 592 11 0 
-36 58 250 353 4 0 
42 -68 124 250 15 0 
-50 87 219 377 17 0 
-71 -23 122 261 15 0 
92 35 120 299 9 0 
48 35 256 402 24 0 
11 -71 97 208 14 0 
-14 64 380 476 8 0 
-23 40 132 261 5 0 
-0 53 94 265 6 0 
-53 73 122 222 4 0 
-36 -99 231 375 2 0 
33 -93 432 587 17 0 
-98 -35 73 179 23 0 
94 -46 89 213 18 0 
15 26 209 374 6 0 
12 27 88 195 4 0 
-77 -31 381 541 18 0 
62 72 94 265 2 0 
87 8 342 491 23 0 
-94 70 474 565 6 0 
43 41 461 637 20 0 
-70 31 271 410 22 0 
80 27 87 194 17 0 
8 93 130 266 19 0 
92 -52 125 267 23 0 
72 16 127 285 8 0 
97 -23 218 364 5 0 
36 47 111 229 6 0 
7 -71 154 310 13 0 
-43 42 374 502 1 0 
-83 90 321 448 5 0 
1 94 427 561 22 0 
40 -1 310 405 13 0 
-18 96 203 347 13 0 
68 32 374 491 17 0 
65 95 317 476 19 0 
22 73 460 602 10 0 
52 17 358 531 16 0 
73 77 316 494 22 0 
-92 -90 262 360 4 0 
41 -58 475 581 14 0 
96 -23 463 634 6 0 
-74 -94 445 588 19 0 
-0 -87 332 464 11 0 
38 1 212 372 4 0 
61 -2 312 403 19 0 
-73 -4 466 606 17 0 
-60 81 162 332 10 0 
60 -30 473 627 24 0 
85 -28 334 442 8 0 
62 34 258 417 8 0 
83 -9 248 342 21 0 
82 29 103 256 5 0 
42 90 438 563 12 0 
63 -83 293 429 18 0 
57 44 350 468 12 0 
-7 15 88 223 5 0 
64 93 433 525 12 0 
80 -79 90 250 20 0 
-48 61 139 289 22 0 
46 296 263 399 1 0 
-20 -33 251 388 9 0 
-6 78 116 223 8 0 
68 91 145 248 11 0 
42 -20 300 474 18 0 
71 -32 422 581 21 0 
16 -74 378 487 11 0 
16 68 396 494 9 0 
-84 28 386 561 23 0 
-90 73 480 610 21 0 
-77 63 94 261 2 0 
20 46 436 533 7 0 
28 43 221 385 6 0 
-33 -30 117 262 7 0 
-16 -76 433 597 10 0 
-64 26 90 248 11 0 
-22 -69 201 336 20 0 
12 -95 420 581 10 0 
87 33 223 363 10 0 
-77 -96 404 527 19 0 
-39 45 281 394 13 0 
-35 10 191 297 22 0 
-65 -65 98 217 7 0 
-83 86 440 595 8 0 
-68 46 137 255 22 0 
58 42 350 521 22 0 
-60 -4 176 291 1 0 
-28 90 214 347 23 0 
-36 81 450 593 3 0 
5 -95 365 533 19 0 
47 -24 261 405 8 0 
59 69 258 351 9 0 
-60 81 366 497 25 0 
96 -91 109 236 10 0 
-40 -59 101 218 15 0 
92 48 319 464 8 0 
-99 -50 207 359 24 0 
-57 86 418 550 4 0 
-2 53 145 253 6 0 
-18 26 258 391 8 0 
86 -91 446 625 8 0 
-62 -85 162 297 16 0 
-22 5 366 502 9 0 
-98 -67 110 285 18 0 
-4 -94 340 463 10 0 
1 -44 342 479 8 0 
71 -85 74 222 15 0 
-26 56 91 253 6 0 
80 -74 446 556 5 0 
-53 -19 291 469 5 0 
30 -62 174 331 19 0 
-56 -51 304 430 25 0 
64 -10 414 520 5 0 
-0 -33 279 456 9 0 
67 76 307 456 13 0 
44 -94 308 407 3 0 
-15 -12 255 353 5 0 
85 45 476 638 2 0 
16 -18 142 269 20 0 
-91 -14 376 545 15 0 
-67 -2 338 457 23 0 
93 -90 122 263 18 0 
69 -41 430 583 4 0 
-19 75 98 218 10 0 
-27 17 463 565 9 0 
-35 45 286 428 22 0 
-90 -14 127 289 11 0 
-74 86 188 329 25 0 
96 -15 358 537 21 0 
-45 -55 375 543 22 0 
-35 -29 223 315 1 0 
-14 80 434 547 21 0 
-77 78 424 587 17 0 
-28 3 405 580 25 0 
55 84 461 581 5 0 
65 -36 464 581 20 0 
52 -25 133 229 12 0 
-85 -75 198 332 24 0 
-90 -90 137 268 10 0 
93 -16 379 500 25 0 
33 61 261 351 21 0 
-75 84 391 481 23 0 
-45 -78 343 464 21 0 
49 -38 381 543 10 0 
57 -44 106 278 19 0 
97 10 463 636 10 0 
41 41 200 374 25 0 
-77 -54 377 509 10 0 
-2 58 476 653 18 0 
26 -63 186 335 17 0 
-83 -42 64 177 18 0 
69 66 221 385 13 0 
-57 -95 264 443 3 0 
-88 48 357 472 22 0 
-18 -81 300 472 20 0 
45 -87 166 282 7 0 
85 -27 377 544 1 0 
-41 -79 89 185 5 0 
21 -18 305 453 7 0 
1 53 466 601 13 0 
23 78 418 591 12 0 
77 -93 205 295 14 0 
21 -81 235 344 13 0 
34 77 77 252 20 0 
-93 73 155 325 3 0 
-84 -85 264 370 21 0 
-50 -81 243 365 20 0 
88 6 366 541 9 0 
-57 43 428 603 6 0 
-74 58 332 490 3 0 
-89 -92 337 513 19 0 
-41 -36 77 217 10 0 
-65 -11 319 465 4 0 
82 46 81 215 13 0 
23 -37 418 586 11 0 
53 -64 309 474 11 0 
89 22 288 424 25 0 
15 96 154 259 4 0 
1 48 225 369 1 0 
71 98 315 487 8 0 
13 22 319 469 13 0 
-6 -51 308 426 6 0 
-34 20 81 250 20 0 
95 -56 339 495 15 0 
-87 -38 164 305 20 0 
-59 -85 430 586 19 0 
-14 76 285 446 16 0 
89 -27 245 382 2 0 
-18 -22 346 512 4 0 
-13 28 66 156 9 0 
78 55 427 557 6 0 
-36 -45 331 432 17 0 
80 75 68 215 14 0 
30 -55 150 312 21 0 
-67 -83 119 261 25 0 
75 -17 357 456 14 0 
46 69 74 232 13 0 
38 17 103 203 6 0 
41 96 143 248 13 0 
-66 -6 191 326 2 0 
-20 95 183 349 3 0 
-37 -37 347 463 18 0 
94 5 340 438 19 0 
50 83 328 433 12 0 
-50 37 382 559 5 0 
17 -58 351 507 1 0 
52 65 478 629 4 0 
-84 29 357 455 10 0 
86 62 427 570 14 0 
-62 27 233 326 12 0 
14 -30 417 591 3 0 
-88 26 148 247 4 0 
-53 -82 317 429 13 0 
37 -72 457 586 15 0 
29 93 460 596 4 0 
-38 -59 353 517 19 0 
88 -28 209 313 2 0 
92 -63 167 327 20 0 
-93 76 135 249 14 0 
-62 -13 430 543 18 0 
14 56 159 331 25 0 
-87 -96 265 409 4 0 
61 81 108 275 25 0 
61 -51 108 205 12 0 
-27 67 249 348 22 0 
97 -86 285 410 15 0 
42 30 361 457 25 0 
-23 8 459 639 1 0 
8 -62 323 497 18 0 
-57 -88 371 476 4 0 
-79 49 408 536 9 0 
-99 34 377 523 18 0 
88 -38 474 593 7 0 
-53 8 324 504 6 0 
-87 17 376 540 22 0 
-66 51 219 358 11 0 
-4 -65 470 609 21 0 
-26 57 235 327 1 0 
66 70 106 218 12 0 
42 59 355 511 15 0 
24 -43 359 493 11 0 
-3 -2 255 351 16 0 
94 48 242 390 25 0 
-70 48 366 456 17 0 
-72 62 222 400 15 0 
-79 -30 86 177 19 0 
-31 -49 215 356 5 0 
2 56 202 317 5 0 
-10 97 206 352 21 0 
-98 -73 124 228 1 0 
93 -10 221 332 11 0 
-90 -73 306 460 8 0 
-71 29 479 607 24 0 
-53 98 450 622 23 0 
39 10 163 337 7 0 
-62 -85 433 550 18 0 
81 69 353 518 3 0 
7 89 447 545 13 0 
-3 46 191 342 20 0 
-93 36 192 335 18 0 
36 -61 383 556 21 0 
-62 13 167 314 11 0 
-34 -97 61 239 11 0 
1 80 232 341 8 0 
-11 -97 104 200 14 0 
91 -95 208 359 13 0 
60 72 164 286 1 0 
97 -18 306 453 25 0 
77 0 353 528 2 0 
-14 60 312 432 23 0 
49 -4 332 501 15 0 
43 -52 320 410 6 0 
-39 27 182 278 25 0 
-82 -36 263 354 6 0 
39 86 318 490 18 0 
79 48 438 618 18 0 
-1 48 130 252 3 0 
68 61 345 446 9 0 
94 -46 77 252 14 0 
-71 59 149 245 11 0 
43 2 252 410 6 0 
-93 -8 146 294 18 0 
-82 8 434 548 17 0 
91 -74 356 525 13 0 
39 77 106 209 24 0 
-28 78 380 473 9 0 
21 -82 283 459 12 0 
-64 78 381 475 25 0 
-23 10 476 572 23 0 
77 63 283 454 9 0 
-91 -70 453 545 7 0 
-13 74 383 477 23 0 
-90 -70 168 283 15 0 
-78 54 299 459 7 0 
96 -60 442 611 21 0 
-79 44 378 545 24 0 
76 -46 132 289 15 0 
48 -47 336 444 11 0 
-22 45 254 401 7 0 
-42 -63 434 600 7 0 
-9 -82 141 315 18 0 
61 38 142 282 3 0 
55 -68 293 390 20 0 
7 -65 141 311 2 0 
26 67 221 342 24 0 
82 9 99 232 15 0 
24 70 227 370 3 0 
-84 38 150 311 13 0 
69 -94 276 366 4 0 
26 71 92 258 6 0 
92 92 242 387 2 0 
52 -56 219 331 2 0 
70 45 202 351 19 0 
-48 -73 216 310 6 0 
49 -86 94 238 5 0 
-40 17 428 577 17 0 
-20 80 86 176 2 0 
-19 -78 279 433 11 0 
77 -5 117 234 2 0 
50 -50 385 516 7 0 
41 90 212 350 10 0 
37 48 152 316 12 0 
-26 -70 340 490 16 0 
-42 -78 426 560 2 0 
16 48 81 255 8 0 
-89 4 78 188 25 0 
-82 56 377 513 14 0 
80 54 244 387 20 0 
-20 -22 310 406 14 0 
-40 -96 241 393 21 0 
-69 -16 414 509 23 0 
-49 -80 130 285 8 0 
-29 36 336 510 25 0 
-11 91 164 261 23 0 
-75 54 350 521 6 0 
-29 -79 369 476 24 0 
-97 -28 158 311 12 0 
-42 -35 129 281 4 0 
51 57 424 598 5 0 
5 48 339 518 11 0 
45 51 401 514 9 0 
33 -82 312 477 23 0 
85 13 471 594 18 0 
44 67 319 476 23 0 
0 19 234 380 20 0 
-26 24 179 317 15 0 
73 84 133 273 13 0 
-90 60 408 505 12 0 
-70 96 455 568 13 0 
-76 66 379 478 4 0 
-23 78 219 397 2 0 
-90 6 369 537 21 0 
48 -15 448 605 20 0 
34 -59 409 555 13 0 
77 2 199 378 18 0 
-74 86 147 322 23 0 
44 -72 206 371 23 0 
-20 -73 142 260 25 0 
-62 -69 138 295 5 0 
36 -26 476 648 24 0 
-83 -19 414 506 5 0 
-9 -98 161 282 17 0 
-50 99 380 508 22 0 
-83 84 369 461 14 0 
-77 65 322 486 13 0 
15 72 357 480 23 0 
23 -49 472 607 24 0 
4 -83 193 328 12 0 
-24 29 72 217 1 0 
40 -76 396 505 15 0 
-54 8 280 454 3 0 
44 -99 76 188 5 0 
83 45 463 592 13 0 
76 -20 152 243 5 0 
-89 -10 366 495 12 0 
15 82 155 250 8 0 
-32 -22 325 437 10 0 
-41 -71 392 502 22 0 
88 -78 305 483 12 0 
98 92 438 604 20 0 
-81 85 311 442 11 0 
66 -59 88 229 19 0 
-57 -78 439 557 7 0 
-37 -30 441 594 22 0 
-69 7 271 408 15 0 
-10 53 330 496 10 0 
51 -68 275 412 24 0 
-56 -62 176 311 7 0 
99 -99 435 566 11 0 
-25 -19 302 442 25 0 
-73 98 280 380 22 0 
40 -65 438 614 14 0 
-44 29 362 507 9 0 
31 -80 266 357 19 0 
22 41 270 442 24 0 
-56 13 328 460 5 0 
-76 -77 303 476 21 0 
-69 98 70 246 18 0 
36 54 258 350 11 0 
54 -51 321 469 17 0 
41 -64 468 627 23 0 
35 52 405 537 21 0 
-34 -38 104 205 10 0 
-34 11 280 398 16 0 
64 80 230 347 11 0 
70 11 192 333 10 0 
-10 -88 226 342 14 0 
-83 -95 376 506 17 0 
1 -75 393 484 22 0 
-72 95 470 648 13 0 
-86 65 98 204 6 0 
66 52 296 429 24 0 
-67 48 275 423 15 0 
18 90 141 292 13 0 
96 -57 242 345 8 0 
-36 28 116 240 9 0 
-90 -86 315 451 18 0 
-23 -59 144 290 18 0 
92 -90 445 560 11 0 
-91 20 141 299 22 0 
60 -25 348 526 25 0 
-70 -49 322 477 14 0 
65 -98 350 481 12 0 
33 -59 258 417 20 0 
26 61 406 502 5 0 
-24 80 291 416 10 0 
10 -37 436 608 16 0 
28 -7 304 452 17 0 
-30 27 476 568 17 0 
64 59 384 536 22 0 
-76 69 475 623 12 0 
-7 40 102 193 8 0 
59 6 319 466 23 0 
56 74 251 417 22 0 
-69 44 312 458 8 0 
90 71 309 425 10 0 
58 -34 369 513 10 0 
70 -13 428 563 21 0 
77 -94 288 459 12 0 
61 65 220 312 12 0 
-31 93 433 540 12 0 
-20 29 258 361 1 0 
-96 -0 124 236 5 0 
91 74 332 487 16 0 
-40 12 293 449 19 0 
-92 -39 171 270 21 0 
94 94 124 273 14 0 
-91 -38 148 310 16 0 
62 -72 71 180 7 0 
-10 -57 395 512 16 0 
4 -81 361 532 21 0 
72 71 274 385 12 0 
-51 -86 384 532 6 0 
-6 -99 218 323 24 0 
44 88 430 524 19 0 
8 -62 348 481 21 0 
-96 -52 334 458 5 0 
93 -11 388 478 16 0 
85 46 73 192 1 0 
24 -19 434 576 9 0 
-31 -46 464 614 25 0 
23 17 251 376 9 0 
-88 -97 431 575 4 0 
92 -81 469 620 10 0 
-17 76 252 405 18 0 
-9 82 195 294 13 0 
-53 -56 124 297 19 0 
-90 17 170 279 12 0 
-3 74 323 498 6 0 
43 3 475 618 17 0 
-54 98 177 334 2 0 
-40 39 340 439 18 0 
-43 -82 409 561 22 0 
-54 -23 423 603 1 0 
95 -37 138 229 17 0 
-50 17 287 398 23 0 
-98 72 255 381 23 0 
22 -68 364 494 2 0 
-75 -39 477 594 14 0 
-97 46 156 328 17 0 
-1 -95 398 542 23 0 
-89 -71 63 198 2 0 
-93 -82 285 386 12 0 
55 31 478 584 21 0 
-17 -13 86 235 7 0 
24 -46 176 351 20 0 
-64 29 472 594 14 0 
-9 -98 119 261 24 0 
-50 33 119 262 4 0 
90 57 327 439 25 0 
39 -88 234 377 19 0 
5 91 119 226 24 0 
-49 42 263 398 23 0 
56 -50 85 255 19 0 
36 38 455 613 19 0 
-70 -30 138 286 12 0 
-46 -16 88 253 3 0 
-12 -84 149 327 24 0 
-12 -90 174 267 15 0 
54 -52 474 568 11 0 
49 -66 196 376 2 0 
-6 35 65 238 17 0 
45 88 377 555 1 0 
92 0 460 612 5 0 
33 -84 270 439 13 0 
-0 -79 389 528 2 0 
21 76 118 270 9 0 
-25 10 411 524 17 0 
-68 69 399 547 11 0 
-71 40 296 452 18 0 
-41 -9 342 438 14 0 
74 73 422 578 5 0 
-79 -75 207 333 1 0 
-17 -57 478 650 22 0 
75 6 445 550 11 0 
14 -89 319 421 1 0 
-37 -46 456 571 5 0 
-84 -51 420 534 8 0 
-44 85 474 654 23 0 
24 -42 338 449 13 0 
25 -81 328 489 10 0 
-69 -61 452 602 24 0 
-73 -93 193 360 13 0 
25 53 417 569 24 0 
-95 5 476 603 4 0 
49 -84 433 608 1 0 
-28 8 290 399 19 0 
2 4 0 
21 -8 0 
-43 -18 0 
-10 -37 0 
0 0 0 
88 180 0