64 48 155 342 1 0 
-84 74 153 430 13 0 
-66 -28 82 277 2 0 
-9 -50 207 502 12 0 
47 79 224 562 10 0 
90 -8 181 454 21 0 
-88 61 298 584 4 0 
44 -63 222 559 23 0 
57 75 118 362 7 0 
42 -86 100 327 20 0 
-64 -81 296 648 18 0 
-70 58 199 486 23 0 
-83 19 267 531 7 0 
8 -63 117 385 20 0 
28 96 142 420 20 0 
91 46 248 550 16 0 
22 94 271 628 9 0 
85 -47 255 501 19 0 
-98 70 107 453 9 0 
-75 -60 110 436 12 0 
-28 28 185 366 4 0 
35 84 63 335 24 0 
-36 -76 137 331 20 0 
33 29 125 369 4 0 
24 98 62 293 12 0 
-20 72 113 446 20 0 
-29 -52 86 362 21 0 
-72 -82 298 553 3 0 
-4 -34 230 545 20 0 
50 12 84 432 5 0 
2 65 224 428 4 0 
82 -49 158 431 22 0 
30 -89 183 423 4 0 
89 79 134 379 11 0 
-77 -3 245 471 10 0 
0 52 274 614 14 0 
-85 -92 135 480 4 0 
93 -22 178 456 1 0 
25 57 237 589 11 0 
21 -91 191 381 18 0 
-61 -17 131 421 23 0 
79 98 243 545 16 0 
68 80 116 397 13 0 
2 -81 105 435 21 0 
-73 -96 62 299 21 0 
0 19 284 644 18 0 
80 -95 183 452 11 0 
-73 32 171 373 14 0 
-16 -59 255 585 23 0 
-32 -18 260 493 15 0 
98 -51 178 362 22 0 
63 -20 99 379 18 0 
-90 24 294 502 9 0 
44 -83 64 342 6 0 
-38 -49 159 459 12 0 
74 -64 183 479 24 0 
-45 -5 158 379 20 0 
-95 56 199 510 8 0 
-31 51 200 558 14 0 
-15 78 216 558 1 0 
75 49 189 420 11 0 
81 -18 282 487 10 0 
-69 0 134 356 15 0 
67 92 183 398 2 0 
-60 92 243 433 3 0 
88 87 91 290 9 0 
24 12 284 640 6 0 
-32 94 294 636 6 0 
49 -73 219 470 4 0 
-79 77 81 343 22 0 
-25 -50 143 485 9 0 
-65 -88 155 487 25 0 
-34 -80 131 329 12 0 
-11 -40 71 380 1 0 
-27 18 97 368 2 0 
67 -33 141 403 4 0 
23 -0 210 463 18 0 
98 -19 238 488 5 0 
-79 71 115 310 22 0 
58 -93 115 473 22 0 
-35 27 280 634 1 0 
-98 -62 68 380 14 0 
15 33 167 395 6 0 
51 -97 144 484 7 0 
35 -52 193 383 1 0 
-87 -77 194 538 17 0 
-16 -66 214 523 16 0 
-79 29 238 459 11 0 
93 -43 136 353 21 0 
-90 -13 211 415 22 0 
-73 -29 169 446 15 0 
71 -59 77 300 21 0 
-78 63 177 445 10 0 
10 89 208 466 14 0 
-69 25 251 518 21 0 
22 87 286 581 13 0 
-75 69 220 494 1 0 
-67 60 287 534 22 0 
54 -23 217 510 11 0 
64 40 160 440 4 0 
39 -75 246 480 14 0 
60 73 135 407 7 0 
-35 -74 95 455 25 0 
-86 19 229 429 2 0 
43 45 262 608 13 0 
-86 50 283 470 15 0 
56 -73 80 403 15 0 
-16 40 69 343 25 0 
-1 -19 248 436 24 0 
-66 -16 246 516 24 0 
15 -18 201 436 5 0 
98 12 214 493 23 0 
-86 -67 95 316 7 0 
96 39 114 396 8 0 
-25 28 83 347 23 0 
59 14 185 523 20 0 
20 8 212 494 1 0 
41 -60 260 446 16 0 
-44 17 269 528 16 0 
-61 -18 274 605 10 0 
-96 -52 218 563 11 0 
-73 -23 172 500 13 0 
-7 83 79 370 11 0 
-82 -60 130 441 6 0 
-11 -51 104 314 7 0 
91 -56 167 466 21 0 
-55 49 151 371 15 0 
-33 97 284 608 9 0 
-68 65 217 404 19 0 
69 -43 103 335 2 0 
-57 60 74 402 19 0 
58 37 247 599 15 0 
60 -11 95 317 8 0 
98 -4 80 366 2 0 
-88 -55 274 485 24 0 
50 -47 96 360 13 0 
70 -69 257 562 12 0 
55 -29 202 462 24 0 
-83 -2 69 413 2 0 
33 -43 99 447 12 0 
95 88 154 512 20 0 
68 -77 157 444 25 0 
0 -84 140 478 22 0 
60 50 86 424 9 0 
-60 37 260 507 17 0 
69 -95 209 410 21 0 
-67 -59 290 476 8 0 
-24 37 117 376 12 0 
7 13 145 428 25 0 
31 73 73 270 1 0 
-53 -18 257 452 12 0 
-17 75 244 548 19 0 
79 -84 165 481 17 0 
94 97 290 475 15 0 
96 1 215 556 8 0 
-76 -58 71 430 9 0 
-66 57 190 396 14 0 
4 -19 268 550 25 0 
-11 61 221 545 2 0 
37 0 67 268 5 0 
2 22 253 588 8 0 
-7 -49 164 513 13 0 
-10 82 258 609 6 0 
58 -44 285 609 10 0 
42 -96 114 306 23 0 
13 77 171 410 5 0 
-72 -65 149 381 15 0 
72 -53 151 469 2 0 
98 -15 250 533 23 0 
-36 -98 231 419 18 0 
-46 -89 176 388 21 0 
-63 -81 291 510 5 0 
-25 -12 79 330 13 0 
30 85 61 291 23 0 
72 -49 195 531 11 0 
-29 -16 264 500 1 0 
72 -39 270 588 6 0 
-43 -67 179 461 16 0 
58 77 119 458 25 0 
-72 -38 129 339 5 0 
-31 28 119 475 15 0 
-12 -51 102 327 8 0 
34 19 298 551 4 0 
20 5 241 553 23 0 
3 49 285 511 24 0 
-28 -67 293 508 19 0 
95 -76 134 447 18 0 
-20 88 281 520 3 0 
17 -32 113 326 10 0 
14 67 147 413 5 0 
80 74 71 290 19 0 
97 -94 61 367 21 0 
-25 69 200 483 24 0 
-28 -99 156 361 4 0 
50 30 104 380 5 0 
-71 2 163 369 7 0 
12 -98 227 577 6 0 
-62 -8 261 532 21 0 
56 -70 98 322 24 0 
-31 -31 177 390 4 0 
-43 90 266 455 21 0 
26 -69 198 401 25 0 
-69 52 155 387 20 0 
-54 -13 109 431 7 0 
15 -80 220 414 4 0 
-83 -49 217 446 2 0 
40 -79 128 312 25 0 
-67 44 150 356 2 0 
59 38 212 551 11 0 
1 -67 205 476 12 0 
44 87 100 457 14 0 
57 35 276 558 20 0 
-99 78 108 389 1 0 
99 86 86 416 9 0 
-70 -12 296 612 22 0 
24 -38 144 402 21 0 
-53 -49 256 550 5 0 
95 10 110 387 5 0 
-31 4 298 510 24 0 
47 62 210 502 2 0 
-66 -37 161 346 21 0 
17 -31 189 474 20 0 
-36 75 107 327 7 0 
66 -40 147 392 17 0 
90 -46 234 538 25 0 
-77 49 274 589 24 0 
-52 77 108 453 2 0 
44 -35 73 351 17 0 
7 -10 265 572 11 0 
6 11 166 348 11 0 
-33 98 218 420 6 0 
-16 -52 63 259 8 0 
-2 -45 103 458 17 0 
-66 15 133 331 18 0 
76 -30 180 380 21 0 
-60 -67 119 403 3 0 
-24 -86 64 387 23 0 
98 16 262 524 5 0 
1 -57 297 485 13 0 
68 -78 103 388 25 0 
-9 -86 166 519 14 0 
49 13 234 443 16 0 
-4 -91 196 396 11 0 
89 -18 210 471 16 0 
-17 5 70 331 24 0 
-98 -67 287 608 25 0 
11 -85 136 495 2 0 
-72 -68 175 448 6 0 
62 43 136 477 2 0 
5 56 143 402 3 0 
-65 -53 63 317 20 0 
37 60 61 418 21 0 
-82 34 226 486 17 0 
36 56 249 559 6 0 
-60 80 257 484 16 0 
-68 -63 269 495 16 0 
-66 89 94 281 7 0 
66 -12 61 298 6 0 
6 -0 242 542 5 0 
-65 -44 259 516 23 0 
95 -81 234 590 15 0 
67 -89 167 422 15 0 
90 -91 91 357 11 0 
-42 -73 231 438 15 0 
-14 -25 203 456 1 0 
88 -76 92 397 22 0 
5 65 131 431 11 0 
-48 -14 69 410 18 0 
11 27 244 484 4 0 
-96 30 193 402 16 0 
55 45 214 437 10 0 
-10 79 238 435 13 0 
-34 -80 80 359 21 0 
-53 -61 265 524 14 0 
97 -8 173 434 6 0 
-48 91 89 290 1 0 
70 -52 261 560 12 0 
-37 97 234 574 13 0 
-95 33 244 539 7 0 
-85 -28 116 419 3 0 
-7 -37 264 538 6 0 
-87 -91 299 649 1 0 
63 3 137 330 1 0 
64 -56 167 371 19 0 
88 69 166 439 20 0 
-4 80 223 569 20 0 
-66 -98 121 352 10 0 
47 -92 77 371 25 0 
24 -64 290 517 5 0 
47 5 278 612 9 0 
-71 87 294 617 4 0 
27 75 173 422 4 0 
77 -49 234 527 22 0 
-18 -31 202 491 17 0 
81 20 181 493 20 0 
96 -89 195 510 20 0 
47 93 105 370 5 0 
38 57 287 611 11 0 
20 -68 62 312 23 0 
-67 -71 258 468 18 0 
2 -18 102 405 17 0 
-65 -14 155 495 18 0 
-51 8 116 386 20 0 
98 60 159 470 2 0 
-42 -98 242 433 14 0 
-66 -98 152 463 13 0 
-97 -54 129 390 18 0 
13 -13 68 341 2 0 
89 41 223 514 17 0 
28 -8 177 399 15 0 
30 -37 120 343 6 0 
-2 16 81 364 5 0 
46 -68 246 436 14 0 
-1 90 205 419 11 0 
-81 82 268 574 15 0 
91 -73 99 400 7 0 
-12 86 211 423 16 0 
22 -38 178 407 5 0 
98 -31 246 426 21 0 
99 72 270 561 9 0 
-79 -5 286 475 22 0 
-96 -66 286 573 11 0 
-41 -70 123 401 23 0 
33 40 163 348 14 0 
-10 -29 205 393 22 0 
-24 0 248 456 24 0 
29 41 208 557 6 0 
-2 -50 184 368 10 0 
65 -86 63 363 13 0 
-16 -56 140 388 5 0 
-57 -98 160 506 18 0 
-56 16 173 364 23 0 
15 -76 230 551 23 0 
-75 58 270 482 4 0 
96 62 190 547 18 0 
-93 -43 156 373 6 0 
64 -80 108 413 14 0 
-69 23 297 531 14 0 
55 -25 178 363 16 0 
-80 90 166 409 3 0 
56 -49 203 389 4 0 
-57 -74 127 461 8 0 
53 -39 61 253 1 0 
81 -0 142 495 7 0 
32 55 127 312 6 0 
-48 54 253 507 13 0 
23 -73 147 473 22 0 
-11 68 98 435 18 0 
-68 58 148 507 9 0 
73 -97 134 444 2 0 
30 82 286 588 8 0 
93 -68 268 477 5 0 
75 -1 248 604 10 0 
80 -17 232 438 25 0 
-13 73 172 485 2 0 
-86 3 196 462 12 0 
-80 17 164 432 25 0 
-17 78 143 489 23 0 
12 -81 137 490 20 0 
19 -81 163 463 19 0 
-36 -47 279 613 15 0 
21 -55 231 491 21 0 
-83 -33 222 574 16 0 
-68 -2 210 539 11 0 
27 -16 264 539 21 0 
48 -54 296 627 16 0 
-45 -49 207 552 17 0 
-58 77 203 535 3 0 
-59 74 268 501 11 0 
75 73 135 415 24 0 
41 -21 129 486 24 0 
-50 -11 99 297 4 0 
21 -16 290 520 13 0 
-19 -83 199 417 21 0 
-20 67 234 441 14 0 
54 -43 117 455 1 0 
-89 -29 178 534 10 0 
-30 -4 220 551 21 0 
-72 -57 147 364 3 0 
58 -88 250 455 17 0 
47 49 189 477 6 0 
98 1 211 460 1 0 
70 -6 126 426 25 0 
20 -81 197 422 21 0 
80 57 226 486 8 0 
76 -61 161 420 23 0 
17 0 224 583 17 0 
90 -61 240 441 22 0 
58 -98 131 426 12 0 
-18 87 190 454 18 0 
80 -82 88 291 15 0 
22 43 112 351 5 0 
99 -7 192 396 3 0 
-74 -85 188 533 21 0 
31 -99 95 326 15 0 
17 -9 270 574 18 0 
19 -3 166 448 13 0 
9 -31 263 556 21 0 
93 -69 127 403 4 0 
-49 2 92 375 18 0 
84 97 150 452 4 0 
-35 60 141 374 23 0 
27 75 230 432 13 0 
-95 51 118 423 1 0 
90 83 68 294 22 0 
-16 50 87 401 11 0 
91 67 285 465 17 0 
-5 29 162 464 8 0 
24 -56 77 348 8 0 
-15 -73 173 427 22 0 
-5 49 265 483 7 0 
47 37 271 599 3 0 
19 55 282 512 12 0 
76 -37 168 525 23 0 
36 -41 214 452 9 0 
-16 46 288 549 11 0 
-72 -67 231 563 2 0 
11 -71 68 376 12 0 
73 30 286 636 7 0 
-23 94 241 581 1 0 
-62 -59 99 349 8 0 
70 83 159 400 12 0 
-16 -31 127 344 22 0 
-70 -21 224 414 8 0 
2 -18 71 416 12 0 
-73 29 65 395 8 0 
-77 -30 211 480 5 0 
-45 52 62 294 6 0 
-56 -38 215 444 7 0 
-85 -65 219 498 25 0 
-92 -45 139 426 23 0 
-68 20 295 552 8 0 
70 -16 246 433 10 0 
24 -88 186 479 17 0 
-42 11 109 366 13 0 
35 -87 133 433 6 0 
39 44 263 606 24 0 
89 77 236 533 23 0 
63 -99 184 532 13 0 
-56 70 178 423 4 0 
86 48 108 290 13 0 
-26 -10 160 421 8 0 
84 5 259 469 17 0 
22 -82 137 323 25 0 
16 -27 231 446 20 0 
40 50 268 597 4 0 
-28 70 68 343 21 0 
-17 -37 84 337 3 0 
18 68 215 476 17 0 
-31 -77 116 447 24 0 
-92 71 66 250 15 0 
99 -19 201 473 25 0 
83 -92 222 474 5 0 
65 21 143 471 16 0 
-29 -96 134 425 17 0 
66 -57 284 543 16 0 
99 76 164 458 25 0 
-85 -25 181 483 7 0 
-24 -63 214 434 14 0 
-88 28 134 400 4 0 
-39 -27 249 475 22 0 
33 -15 189 424 14 0 
-37 82 204 437 24 0 
-81 -99 178 482 8 0 
16 -96 202 431 2 0 
-31 75 272 464 20 0 
61 -97 182 511 6 0 
57 78 161 361 5 0 
-74 64 236 453 6 0 
-56 -97 153 391 15 0 
8 -41 162 405 24 0 
56 -93 189 520 4 0 
68 70 68 287 25 0 
-5 -42 152 408 7 0 
-3 -44 84 295 4 0 
-81 -70 95 317 13 0 
-13 43 215 460 3 0 
85 55 105 429 5 0 
27 20 269 536 10 0 
81 97 106 371 25 0 
-96 -80 174 463 13 0 
-9 -72 96 326 19 0 
55 88 96 446 25 0 
83 -48 121 378 22 0 
98 -99 142 487 17 0 
60 98 82 369 24 0 
-63 34 269 586 12 0 
-55 -92 70 415 7 0 
-89 -1 217 458 9 0 
-7 -33 164 405 22 0 
-31 68 196 446 13 0 
-33 -59 231 555 17 0 
62 53 224 548 24 0 
-91 -6 139 366 15 0 
-56 59 273 507 13 0 
-40 -21 66 255 14 0 
26 -76 205 438 1 0 
-35 -80 69 423 22 0 
21 88 174 526 14 0 
-58 7 90 279 6 0 
-1 -90 244 540 23 0 
-56 -4 178 436 6 0 
-55 -89 84 334 14 0 
68 -27 158 466 13 0 
34 4 149 490 25 0 
-94 90 296 476 25 0 
-57 53 262 495 13 0 
7 -94 248 600 9 0 
-62 83 181 444 22 0 
-60 -53 178 516 24 0 
-43 -69 106 380 24 0 
97 81 202 504 1 0 
89 -60 220 505 25 0 
44 -7 162 375 6 0 
17 -26 132 392 16 0 
-87 -34 175 383 10 0 
34 52 74 265 19 0 
96 -38 278 557 17 0 
79 76 271 499 3 0 
2 71 151 416 13 0 
3 -31 300 493 7 0 
-95 -18 237 448 21 0 
-29 -45 262 556 2 0 
6 45 103 365 22 0 
-42 79 214 484 9 0 
36 66 127 462 2 0 
42 -84 289 553 14 0 
56 -12 212 498 14 0 
-95 36 110 449 23 0 
-88 -52 195 422 3 0 
64 91 296 564 8 0 
-72 -70 169 349 20 0 
32 -38 142 332 15 0 
54 78 245 436 8 0 
27 3 276 512 5 0 
76 -82 180 432 21 0 
-38 -27 238 554 25 0 
87 46 145 346 7 0 
7 -86 81 292 7 0 
59 -34 256 580 12 0 
78 95 267 572 19 0 
-65 -85 105 297 20 0 
57 -90 205 536 7 0 
-94 13 230 541 13 0 
32 59 287 559 17 0 
-72 -96 183 528 9 0 
-51 -62 64 284 25 0 
-51 92 249 467 9 0 
-56 -69 235 455 17 0 
26 81 205 509 1 0 
-95 75 155 425 5 0 
-79 43 67 338 3 0 
-31 -78 281 575 8 0 
-5 50 196 385 11 0 
-95 63 189 467 17 0 
62 -50 105 287 12 0 
-4 67 249 601 24 0 
28 87 292 559 4 0 
85 19 232 502 6 0 
-37 77 250 455 7 0 
99 42 128 313 13 0 
-96 -30 265 452 24 0 
72 61 239 544 2 0 
-52 -32 259 481 9 0 
-56 -88 135 324 4 0 
-21 -70 269 483 20 0 
-13 78 208 528 24 0 
90 -84 92 439 13 0 
-22 -36 191 385 10 0 
26 -3 229 459 12 0 
17 -14 82 431 19 0 
-63 -27 254 501 19 0 
87 22 86 331 18 0 
15 -40 160 372 13 0 
-1 93 132 356 14 0 
53 -70 111 383 18 0 
29 -30 286 642 19 0 
-99 -76 103 288 12 0 
-48 -17 79 275 8 0 
-4 -89 297 644 19 0 
-85 13 181 447 21 0 
-95 8 97 374 9 0 
3 92 206 410 2 0 
10 53 108 434 4 0 
89 -97 259 439 12 0 
24 -49 266 494 6 0 
-57 -82 234 453 9 0 
55 -26 203 545 9 0 
91 -49 77 317 15 0 
7 -54 273 520 7 0 
21 53 259 456 18 0 
-32 51 146 490 23 0 
55 -83 84 358 24 0 
-7 -80 123 392 25 0 
-64 -91 219 532 16 0 
-31 58 196 551 9 0 
-55 -1 165 503 3 0 
20 -20 106 353 10 0 
6 -55 91 450 21 0 
12 73 275 497 2 0 
56 72 297 560 3 0 
27 -45 161 505 9 0 
-17 65 164 514 8 0 
97 -22 125 417 14 0 
32 84 210 503 6 0 
-50 50 233 565 2 0 
72 67 154 425 16 0 
-25 -26 253 483 16 0 
8 72 225 484 19 0 
-69 88 297 640 17 0 
96 95 192 544 21 0 
21 -15 162 435 25 0 
38 34 145 480 7 0 
21 -6 241 504 12 0 
-33 -72 88 320 20 0 
66 -7 100 310 14 0 
-98 -52 195 410 19 0 
-83 38 240 455 23 0 
23 -7 226 445 6 0 
15 46 138 334 9 0 
-1 89 113 384 13 0 
5 -87 257 593 15 0 
-48 -60 202 425 8 0 
89 -87 237 476 25 0 
-61 -49 119 305 18 0 
-98 44 257 588 2 0 
87 47 241 525 14 0 
76 40 270 507 5 0 
65 -25 82 366 22 0 
4 -52 63 359 7 0 
-77 8 158 407 17 0 
33 -98 71 271 5 0 
21 -49 288 566 10 0 
-62 -27 111 373 16 0 
98 -30 154 357 20 0 
-10 65 74 304 18 0 
-77 -97 91 446 2 0 
-95 97 275 497 24 0 
-58 -25 73 314 17 0 
-94 99 158 394 5 0 
82 -92 191 445 18 0 
46 -80 234 535 5 0 
-53 -4 238 533 13 0 
76 96 218 470 24 0 
14 29 280 517 20 0 
-89 89 116 296 24 0 
-22 -21 184 496 6 0 
83 -92 104 351 4 0 
16 40 92 372 10 0 
-20 -68 230 434 17 0 
-92 98 269 534 14 0 
-11 -56 188 410 3 0 
-39 56 288 582 24 0 
-50 -60 90 288 12 0 
-35 -80 90 327 25 0 
-90 40 118 379 24 0 
42 -98 91 405 15 0 
-31 7 166 508 15 0 
2 18 242 570 23 0 
-3 -86 233 576 18 0 
28 23 259 526 2 0 
41 -65 126 382 13 0 
-93 4 144 503 23 0 
2 -61 291 495 9 0 
47 52 252 457 16 0 
-53 -94 210 493 16 0 
-91 -73 75 278 2 0 
-96 -83 239 523 16 0 
-76 -17 65 271 15 0 
82 -36 217 524 16 0 
38 -35 230 417 15 0 
-90 -46 232 457 18 0 
-48 35 67 343 12 0 
11 -51 109 444 5 0 
83 19 100 293 21 0 
72 -2 79 349 16 0 
-96 -78 179 524 24 0 
-86 -11 109 352 22 0 
52 -74 114 355 14 0 
94 -15 237 423 14 0 
-64 -73 266 451 15 0 
-51 95 141 481 21 0 
27 62 224 556 12 0 
12 -51 183 428 22 0 
76 -44 64 294 12 0 
37 47 171 361 4 0 
68 -64 252 569 6 0 
44 -62 112 381 19 0 
45 44 111 360 2 0 
19 46 114 463 8 0 
53 84 93 335 20 0 
94 12 85 287 16 0 
98 -50 110 336 17 0 
51 -83 134 464 5 0 
-11 -11 193 528 25 0 
96 10 268 511 22 0 
-96 -92 74 401 22 0 
-28 -38 126 464 14 0 
70 -15 126 456 17 0 
62 -48 169 482 9 0 
-50 0 134 468 3 0 
58 -25 202 558 17 0 
98 25 144 471 8 0 
69 -33 95 361 9 0 
1 33 284 503 23 0 
-66 90 266 465 7 0 
-27 43 205 555 16 0 
-84 19 127 344 1 0 
74 72 141 444 5 0 
-87 -53 98 413 16 0 
-90 45 88 273 4 0 
-74 87 214 437 11 0 
6 -72 224 509 5 0 
-13 -27 104 373 18 0 
-32 -49 115 356 12 0 
80 46 256 611 2 0 
20 -47 218 569 14 0 
-23 -99 172 390 15 0 
43 81 129 439 3 0 
97 54 244 561 20 0 
73 67 278 550 14 0 
-85 -94 189 437 7 0 
92 -49 240 514 22 0 
-96 94 226 443 16 0 
44 39 272 528 7 0 
-77 -67 141 342 3 0 
-58 88 208 423 15 0 
19 62 191 495 10 0 
-54 -36 270 498 4 0 
8 41 76 406 18 0 
51 95 198 497 8 0 
-2 12 83 398 24 0 
89 93 116 369 9 0 
-90 -18 66 276 6 0 
72 -84 227 428 16 0 
94 15 265 521 16 0 
-29 60 205 445 6 0 
-94 -69 285 487 23 0 
-85 -6 171 497 19 0 
-74 -16 140 482 8 0 
11 -24 278 592 16 0 
90 -91 263 487 15 0 
-87 -27 220 548 10 0 
-38 53 96 433 20 0 
0 34 173 416 4 0 
82 -2 179 405 17 0 
-86 -38 139 494 21 0 
-40 95 192 528 16 0 
60 12 134 329 3 0 
-41 -35 117 331 7 0 
-44 -48 129 334 8 0 
-1 -60 107 287 5 0 
-97 -85 214 518 18 0 
-59 -76 99 325 5 0 
2 27 220 573 14 0 
-1 -28 119 478 22 0 
14 -34 163 368 12 0 
-93 81 141 369 18 0 
21 56 289 498 16 0 
-81 -13 246 596 16 0 
-82 51 98 368 22 0 
-90 22 76 426 2 0 
-51 9 78 316 13 0 
21 -71 188 447 4 0 
57 84 181 541 11 0 
26 -44 266 616 22 0 
-7 -15 83 285 16 0 
-7 -89 144 433 20 0 
-55 -86 113 431 17 0 
1 -10 239 487 2 0 
-10 35 95 379 2 0 
-22 59 73 336 11 0 
-98 -41 146 500 23 0 
-63 43 152 432 13 0 
12 39 258 534 1 0 
-52 -33 81 396 18 0 
92 85 296 593 7 0 
-56 -8 184 373 10 0 
77 -32 206 548 5 0 
-51 -8 254 610 8 0 
62 7 247 518 9 0 
-81 55 297 491 25 0 
26 -84 202 397 15 0 
-42 -81 285 487 13 0 
60 18 224 567 14 0 
-95 48 168 395 14 0 
25 -56 293 481 6 0 
-82 -7 265 447 6 0 
-70 -46 109 416 10 0 
-72 -72 108 322 17 0 
52 -90 284 527 1 0 
68 -73 223 433 22 0 
25 67 197 510 24 0 
-0 -68 225 422 5 0 
-21 -99 156 403 3 0 
39 -84 193 493 7 0 
-81 -54 272 526 17 0 
-52 -68 243 553 3 0 
-70 98 146 334 3 0 
-36 -14 137 480 20 0 
72 -87 261 493 19 0 
-21 -27 114 322 17 0 
-12 93 113 437 9 0 
87 62 88 351 6 0 
65 -33 299 598 15 0 
88 77 298 602 6 0 
-53 -1 286 548 13 0 
54 -24 147 350 24 0 
-6 92 85 311 13 0 
-55 80 260 563 5 0 
-17 -35 274 511 17 0 
77 68 162 468 13 0 
-32 80 102 398 22 0 
-88 86 163 437 17 0 
99 -12 110 365 7 0 
-47 -77 161 485 12 0 
81 -77 168 379 20 0 
79 -70 282 467 1 0 
-55 -98 285 517 19 0 
14 -40 184 469 18 0 
48 84 289 551 19 0 
0 86 61 374 14 0 
-5 -90 78 307 25 0 
28 -87 200 463 15 0 
-87 -81 80 277 10 0 
82 -56 67 370 2 0 
-84 27 155 430 10 0 
11 39 245 517 25 0 
-97 86 103 416 14 0 
79 -71 244 490 25 0 
-61 -50 226 454 10 0 
-14 -98 75 375 14 0 
-45 -37 168 440 8 0 
70 76 194 538 16 0 
97 67 224 412 17 0 
-61 89 252 470 1 0 
78 32 60 295 15 0 
59 -85 222 538 23 0 
-5 -2 136 368 2 0 
90 3 88 411 8 0 
44 -25 0 
-32 14 0 
37 13 0 
-15 12 0 
0 0 0 
80 180 0