70 -29 421 600 13 0 
-79 74 162 312 2 0 
97 -85 404 514 11 0 
68 -19 477 649 22 0 
-87 91 95 190 10 0 
-27 1 266 368 24 0 
49 40 468 571 13 0 
93 62 246 351 10 0 
66 -43 341 449 8 0 
77 98 443 537 10 0 
-60 86 238 389 12 0 
79 -50 361 508 11 0 
64 14 442 584 5 0 
94 54 328 459 9 0 
-52 66 470 629 10 0 
15 8 411 553 20 0 
35 -64 229 333 19 0 
23 83 85 257 8 0 
-11 10 133 307 9 0 
64 39 247 352 16 0 
-70 -90 114 243 7 0 
-87 68 225 332 10 0 
27 -34 402 566 10 0 
-53 46 188 357 23 0 
-95 -1 130 296 22 0 
19 74 461 632 12 0 
-26 -12 185 314 7 0 
19 74 377 534 21 0 
-95 60 72 201 18 0 
48 -11 121 294 20 0 
42 -4 303 432 25 0 
43 61 176 296 3 0 
29 -98 155 254 16 0 
42 -69 181 332 12 0 
-45 29 352 484 14 0 
-9 -86 443 543 9 0 
3 33 256 373 22 0 
85 -79 163 271 19 0 
57 80 151 300 19 0 
96 57 303 394 5 0 
91 -41 97 194 5 0 
9 93 81 179 18 0 
63 94 144 293 25 0 
77 47 196 328 10 0 
-36 -47 447 570 11 0 
-72 23 206 381 25 0 
-78 -50 143 261 8 0 
4 -89 222 358 18 0 
0 92 293 395 10 0 
-76 47 303 441 10 0 
83 -95 317 466 6 0 
93 52 405 504 3 0 
59 22 289 423 20 0 
-77 -94 210 327 9 0 
34 -85 417 590 6 0 
-55 -62 157 328 4 0 
-98 -73 91 202 6 0 
-73 -18 175 307 22 0 
-13 37 444 546 7 0 
82 -16 212 384 16 0 
19 73 367 515 15 0 
-97 57 202 363 22 0 
57 -82 356 479 2 0 
-82 47 79 235 4 0 
44 -40 103 247 2 0 
95 -2 451 551 6 0 
-8 -84 164 288 14 0 
66 -86 63 156 16 0 
66 -78 178 313 2 0 
40 90 127 275 7 0 
3 -41 407 502 15 0 
62 93 186 339 9 0 
-88 48 333 479 13 0 
-35 69 270 375 5 0 
48 21 477 615 3 0 
-87 53 408 570 1 0 
-33 28 468 615 12 0 
-81 -82 262 383 21 0 
92 -10 84 209 3 0 
70 -85 249 355 17 0 
35 40 84 236 1 0 
-54 90 368 483 11 0 
35 33 110 253 7 0 
-33 -83 85 209 13 0 
42 -55 266 371 7 0 
-94 -36 462 558 20 0 
89 42 96 207 5 0 
-57 65 180 292 8 0 
-78 80 330 456 23 0 
23 24 338 462 21 0 
79 96 469 611 8 0 
-63 -5 105 220 18 0 
93 8 425 541 1 0 
-13 93 177 294 17 0 
-50 -72 402 534 11 0 
-84 -67 473 635 23 0 
44 41 357 531 2 0 
-62 65 235 370 24 0 
56 40 310 440 9 0 
60 -71 160 271 22 0 
59 -28 443 602 18 0 
27 10 451 580 17 0 
-11 55 210 344 10 0 
15 -71 154 269 7 0 
2 -68 394 520 20 0 
58 48 64 187 11 0 
-68 85 356 533 7 0 
61 -70 395 508 13 0 
26 69 454 604 6 0 
62 -59 267 446 24 0 
65 -79 193 334 3 0 
28 -57 207 342 2 0 
-70 -80 396 538 13 0 
88 -62 412 507 22 0 
90 65 311 426 23 0 
50 43 351 519 4 0 
63 15 383 498 13 0 
-96 -76 285 459 8 0 
-6 -8 396 553 11 0 
-88 36 212 375 21 0 
57 74 229 389 9 0 
75 -22 272 394 18 0 
22 -58 184 276 7 0 
-80 -68 62 218 20 0 
77 55 418 574 21 0 
44 29 298 419 17 0 
31 34 390 570 15 0 
-53 30 89 184 7 0 
-29 -67 77 257 8 0 
55 -74 67 193 24 0 
-25 35 215 385 13 0 
20 20 378 514 8 0 
46 -91 350 521 25 0 
-66 -46 307 409 18 0 
75 -35 394 560 11 0 
36 60 196 326 12 0 
61 97 70 202 2 0 
81 81 467 642 24 0 
-49 -60 97 220 11 0 
44 -53 350 481 24 0 
37 -68 349 522 25 0 
-53 -23 64 183 11 0 
-57 44 124 238 20 0 
39 -95 124 233 3 0 
-91 -65 206 311 1 0 
8 65 373 490 12 0 
75 89 108 286 24 0 
99 -49 235 354 20 0 
-23 95 346 450 7 0 
-79 -22 304 419 11 0 
15 95 408 573 12 0 
-84 -0 142 301 11 0 
91 69 447 570 13 0 
-60 81 240 415 22 0 
17 56 283 406 4 0 
-66 -41 136 229 22 0 
-4 9 307 479 13 0 
-6 85 464 642 19 0 
-75 97 461 579 16 0 
7 40 456 547 13 0 
-52 99 138 263 8 0 
89 21 408 514 13 0 
-29 -36 130 231 25 0 
19 -61 243 373 3 0 
83 -44 316 450 18 0 
-81 -88 171 350 11 0 
15 38 176 307 24 0 
71 46 187 302 17 0 
58 92 301 432 15 0 
-34 -90 214 393 8 0 
4 90 182 311 8 0 
-79 43 154 257 4 0 
79 -61 174 319 11 0 
-97 4 448 558 20 0 
-71 18 258 431 6 0 
-63 50 113 251 12 0 
70 97 330 477 18 0 
98 -21 364 491 2 0 
90 89 316 487 4 0 
-89 -86 270 447 22 0 
54 31 92 268 10 0 
-47 -99 239 371 20 0 
77 -32 360 473 22 0 
-50 44 332 501 6 0 
-24 -41 283 438 24 0 
-79 52 119 256 14 0 
21 -51 436 562 22 0 
57 68 448 546 2 0 
-34 -70 83 192 3 0 
-42 92 78 185 12 0 
43 -18 186 292 7 0 
-68 28 197 293 24 0 
79 99 193 295 4 0 
73 2 235 404 12 0 
-8 41 223 353 8 0 
56 -85 99 251 14 0 
65 15 269 447 20 0 
89 0 288 437 2 0 
-86 -15 174 278 13 0 
-75 30 83 251 19 0 
28 64 313 446 4 0 
-88 20 227 317 23 0 
68 47 107 250 9 0 
-67 -58 327 492 12 0 
84 -23 101 241 23 0 
-14 82 395 506 10 0 
-40 -74 390 556 25 0 
-24 78 271 390 17 0 
-28 -84 385 536 25 0 
64 -26 313 467 25 0 
85 -52 455 620 22 0 
-79 45 174 301 7 0 
-5 88 69 219 2 0 
-78 49 451 571 15 0 
-63 73 268 443 24 0 
-3 -99 440 532 15 0 
7 -5 405 499 14 0 
19 -27 456 610 1 0 
44 -16 430 540 8 0 
72 -74 416 579 6 0 
-16 37 414 565 12 0 
94 92 267 399 7 0 
56 -84 417 515 16 0 
68 26 179 280 9 0 
-99 28 173 287 8 0 
-45 50 76 213 23 0 
3 92 76 176 6 0 
20 -69 184 294 22 0 
-40 -77 242 389 7 0 
-57 -72 125 277 5 0 
56 65 282 425 11 0 
69 80 388 489 25 0 
90 -9 465 568 3 0 
-97 65 104 246 20 0 
42 31 400 573 13 0 
-73 21 271 400 2 0 
-85 -27 430 521 1 0 
49 -89 350 519 24 0 
35 -19 173 342 6 0 
-61 37 266 380 8 0 
42 -45 77 207 16 0 
92 -94 453 588 19 0 
24 -60 477 636 9 0 
-59 -77 79 218 25 0 
90 30 348 500 10 0 
-12 88 355 485 13 0 
55 16 434 562 18 0 
27 98 209 368 2 0 
-3 -65 302 425 12 0 
98 -38 213 381 8 0 
32 79 69 213 15 0 
28 68 171 277 6 0 
18 -32 405 525 16 0 
-6 -77 464 575 3 0 
-11 64 312 470 14 0 
51 -85 70 170 15 0 
36 -22 468 566 12 0 
-67 -98 183 361 6 0 
-80 -3 360 488 11 0 
87 -2 365 460 18 0 
-57 2 66 195 13 0 
75 74 166 314 24 0 
73 3 360 498 23 0 
68 74 388 543 16 0 
-27 -38 159 290 2 0 
81 89 329 499 6 0 
78 -45 327 434 8 0 
23 -92 234 381 21 0 
-83 16 427 601 14 0 
-67 94 382 525 5 0 
7 -49 182 278 15 0 
-83 73 66 228 19 0 
94 -64 452 544 9 0 
84 28 435 595 4 0 
71 -95 417 594 13 0 
-32 -64 475 633 20 0 
-42 37 298 455 24 0 
-27 -72 284 442 23 0 
13 -61 347 493 8 0 
88 54 73 214 8 0 
-68 -71 177 290 17 0 
-97 9 246 417 4 0 
-81 -61 471 594 20 0 
86 -37 107 220 2 0 
18 29 143 235 4 0 
-50 95 391 502 5 0 
51 13 405 502 13 0 
-63 -54 177 306 17 0 
-97 23 425 560 10 0 
-6 28 103 234 4 0 
10 -92 109 279 20 0 
-45 -3 319 490 2 0 
81 47 133 238 6 0 
-44 -58 309 420 16 0 
55 -22 412 552 10 0 
84 -75 209 368 22 0 
84 68 85 194 15 0 
34 -40 128 252 22 0 
-89 -7 300 449 1 0 
-61 40 271 420 20 0 
-24 -11 250 427 19 0 
64 -53 97 204 13 0 
-0 83 151 296 17 0 
-57 -52 349 446 20 0 
49 34 331 430 8 0 
-9 -93 173 320 22 0 
32 -19 230 333 4 0 
-88 -56 68 158 22 0 
-80 -91 396 498 24 0 
95 66 302 476 11 0 
80 70 176 350 15 0 
-15 86 473 578 5 0 
-36 58 72 199 14 0 
42 -68 240 357 24 0 
-50 87 183 319 17 0 
-71 -23 237 344 21 0 
92 35 131 253 22 0 
48 35 453 547 7 0 
11 -71 304 450 24 0 
-14 64 79 183 18 0 
-23 40 127 248 24 0 
-0 53 205 310 7 0 
-53 73 379 504 8 0 
-36 -99 234 409 5 0 
33 -93 253 360 21 0 
-98 -35 457 582 6 0 
94 -46 177 316 3 0 
15 26 436 601 19 0 
12 27 161 282 3 0 
-77 -31 81 223 1 0 
62 72 349 512 19 0 
87 8 297 413 1 0 
-94 70 287 428 24 0 
43 41 462 552 1 0 
-70 31 261 358 6 0 
80 27 71 165 13 0 
8 93 430 601 25 0 
92 -52 310 412 19 0 
72 16 229 394 21 0 
97 -23 316 456 20 0 
36 47 378 501 4 0 
7 -71 271 370 15 0 
-43 42 347 491 13 0 
-83 90 72 232 3 0 
1 94 93 229 4 0 
40 -1 443 539 21 0 
-18 96 79 248 22 0 
68 32 360 454 18 0 
65 95 144 309 15 0 
22 73 75 251 19 0 
52 17 387 522 12 0 
73 77 336 483 2 0 
-92 -90 140 311 5 0 
41 -58 152 268 21 0 
96 -23 339 441 7 0 
-74 -94 299 401 10 0 
-0 -87 473 642 4 0 
38 1 74 210 1 0 
61 -2 156 313 14 0 
-73 -4 156 325 17 0 
-60 81 80 255 2 0 
60 -30 470 643 23 0 
85 -28 72 229 20 0 
62 34 235 362 14 0 
83 -9 195 294 9 0 
82 29 457 573 16 0 
42 90 416 534 16 0 
63 -83 73 252 22 0 
57 44 373 552 1 0 
-7 15 88 188 14 0 
64 93 349 517 12 0 
80 -79 109 251 24 0 
-48 61 408 536 7 0 
46 296 327 506 1 0 
-20 -33 75 208 13 0 
-6 78 368 524 11 0 
68 91 318 461 3 0 
42 -20 243 353 10 0 
71 -32 377 476 14 0 
16 -74 403 544 8 0 
16 68 182 295 10 0 
-84 28 89 217 9 0 
-90 73 385 498 10 0 
-77 63 368 524 22 0 
20 46 128 218 6 0 
28 43 166 275 17 0 
-33 -30 366 544 5 0 
-16 -76 420 522 6 0 
-64 26 441 590 18 0 
-22 -69 98 275 11 0 
12 -95 273 416 13 0 
87 33 294 419 21 0 
-77 -96 161 319 1 0 
-39 45 320 498 10 0 
-35 10 476 641 2 0 
-65 -65 358 500 3 0 
-83 86 134 235 20 0 
-68 46 129 251 6 0 
58 42 227 352 3 0 
-60 -4 478 640 25 0 
-28 90 192 355 4 0 
-36 81 471 611 3 0 
5 -95 424 523 4 0 
47 -24 191 358 12 0 
59 69 177 315 3 0 
-60 81 313 415 23 0 
96 -91 161 288 9 0 
-40 -59 471 593 13 0 
92 48 325 479 12 0 
-99 -50 367 496 5 0 
-57 86 209 352 3 0 
-2 53 317 416 6 0 
-18 26 196 329 25 0 
86 -91 314 435 2 0 
-62 -85 412 535 18 0 
-22 5 193 319 2 0 
-98 -67 365 532 18 0 
-4 -94 385 508 10 0 
1 -44 460 581 16 0 
71 -85 431 588 1 0 
-26 56 412 568 23 0 
80 -74 97 218 13 0 
-53 -19 453 631 10 0 
30 -62 322 442 8 0 
-56 -51 87 232 16 0 
64 -10 74 225 16 0 
-0 -33 262 357 1 0 
67 76 356 497 15 0 
44 -94 211 391 20 0 
-15 -12 318 473 4 0 
85 45 347 446 18 0 
16 -18 445 577 9 0 
-91 -14 129 276 6 0 
-67 -2 265 403 21 0 
93 -90 413 592 19 0 
69 -41 80 226 15 0 
-19 75 395 550 1 0 
-27 17 232 359 21 0 
-35 45 115 213 10 0 
-90 -14 352 526 25 0 
-74 86 298 451 10 0 
96 -15 177 332 9 0 
-45 -55 73 223 7 0 
-35 -29 294 393 11 0 
-14 80 141 313 8 0 
-77 78 286 458 13 0 
-28 3 360 515 10 0 
55 84 226 321 1 0 
65 -36 190 360 15 0 
52 -25 130 275 20 0 
-85 -75 252 407 21 0 
-90 -90 409 577 13 0 
93 -16 146 252 10 0 
33 61 326 460 15 0 
-75 84 446 551 21 0 
-45 -78 200 351 14 0 
49 -38 145 279 22 0 
57 -44 456 561 2 0 
97 10 288 405 23 0 
41 41 438 538 11 0 
-77 -54 371 542 11 0 
-2 58 249 362 13 0 
26 -63 246 383 25 0 
-83 -42 188 349 11 0 
69 66 143 297 3 0 
-57 -95 328 503 20 0 
-88 48 375 513 1 0 
-18 -81 388 544 4 0 
45 -87 258 359 4 0 
85 -27 210 375 2 0 
-41 -79 120 279 4 0 
21 -18 385 504 6 0 
1 53 260 354 7 0 
23 78 340 501 20 0 
77 -93 407 541 25 0 
21 -81 265 412 1 0 
34 77 321 412 21 0 
-93 73 262 355 6 0 
-84 -85 355 519 3 0 
-50 -81 72 205 21 0 
88 6 287 382 16 0 
-57 43 95 224 1 0 
-74 58 66 186 13 0 
-89 -92 314 434 14 0 
-41 -36 267 367 6 0 
-65 -11 94 218 19 0 
82 46 218 329 22 0 
23 -37 220 366 18 0 
53 -64 127 261 7 0 
89 22 232 397 1 0 
15 96 385 489 15 0 
1 48 146 299 25 0 
71 98 246 378 2 0 
13 22 98 207 22 0 
-6 -51 67 171 1 0 
-34 20 377 556 8 0 
95 -56 115 229 25 0 
-87 -38 468 567 8 0 
-59 -85 99 250 10 0 
-14 76 161 272 8 0 
89 -27 445 622 20 0 
-18 -22 164 269 12 0 
-13 28 282 441 6 0 
78 55 337 444 9 0 
-36 -45 154 308 24 0 
80 75 73 234 6 0 
30 -55 397 527 24 0 
-67 -83 138 234 14 0 
75 -17 442 584 21 0 
46 69 422 584 15 0 
38 17 251 420 23 0 
41 96 141 321 22 0 
-66 -6 328 478 12 0 
-20 95 284 453 11 0 
-37 -37 73 209 21 0 
94 5 81 197 10 0 
50 83 415 509 2 0 
-50 37 361 460 23 0 
17 -58 302 400 22 0 
52 65 285 396 22 0 
-84 29 115 294 25 0 
86 62 193 373 21 0 
-62 27 98 256 12 0 
14 -30 452 572 22 0 
-88 26 372 530 10 0 
-53 -82 217 394 2 0 
37 -72 463 612 4 0 
29 93 103 268 14 0 
-38 -59 375 467 19 0 
88 -28 383 530 19 0 
92 -63 90 184 12 0 
-93 76 103 193 10 0 
-62 -13 404 502 21 0 
14 56 237 370 10 0 
-87 -96 248 405 3 0 
61 81 478 581 10 0 
61 -51 83 254 14 0 
-27 67 466 572 9 0 
97 -86 305 425 23 0 
42 30 416 584 10 0 
-23 8 234 376 11 0 
8 -62 417 563 9 0 
-57 -88 364 457 18 0 
-79 49 324 454 19 0 
-99 34 95 260 2 0 
88 -38 344 521 20 0 
-53 8 394 549 16 0 
-87 17 327 466 16 0 
-66 51 64 214 13 0 
-4 -65 307 402 17 0 
-26 57 469 599 9 0 
66 70 284 441 13 0 
42 59 472 611 21 0 
24 -43 105 207 16 0 
-3 -2 140 278 3 0 
94 48 264 412 8 0 
-70 48 465 605 20 0 
-72 62 283 421 11 0 
-79 -30 241 383 4 0 
-31 -49 420 593 8 0 
2 56 339 453 7 0 
-10 97 174 328 20 0 
-98 -73 86 228 3 0 
93 -10 162 331 7 0 
-90 -73 451 555 17 0 
-71 29 258 381 10 0 
-53 98 79 196 22 0 
39 10 82 244 5 0 
-62 -85 282 440 13 0 
81 69 196 300 13 0 
7 89 423 555 16 0 
-3 46 67 181 2 0 
-93 36 319 441 16 0 
36 -61 159 323 15 0 
-62 13 325 451 8 0 
-34 -97 177 303 25 0 
1 80 157 311 1 0 
-11 -97 60 207 3 0 
91 -95 75 195 17 0 
60 72 450 620 7 0 
97 -18 316 436 3 0 
77 0 235 354 13 0 
-14 60 222 355 2 0 
49 -4 377 485 14 0 
43 -52 64 194 17 0 
-39 27 243 415 1 0 
-82 -36 192 291 21 0 
39 86 319 479 19 0 
79 48 386 494 16 0 
-1 48 154 316 8 0 
68 61 120 268 2 0 
94 -46 308 414 1 0 
-71 59 207 352 14 0 
43 2 433 588 22 0 
-93 -8 227 345 21 0 
-82 8 60 227 9 0 
91 -74 180 318 8 0 
39 77 308 482 3 0 
-28 78 220 380 5 0 
21 -82 435 526 23 0 
-64 78 308 402 1 0 
-23 10 463 588 22 0 
77 63 125 239 12 0 
-91 -70 165 263 17 0 
-13 74 98 196 1 0 
-90 -70 280 392 20 0 
-78 54 300 413 2 0 
96 -60 61 187 17 0 
-79 44 253 358 12 0 
76 -46 348 480 5 0 
48 -47 187 320 1 0 
-22 45 147 320 1 0 
-42 -63 385 512 13 0 
-9 -82 85 257 6 0 
61 38 458 636 3 0 
55 -68 445 567 21 0 
7 -65 453 604 6 0 
26 67 402 547 11 0 
82 9 216 336 2 0 
24 70 302 442 3 0 
-84 38 75 209 16 0 
69 -94 248 344 25 0 
26 71 332 439 21 0 
92 92 409 566 8 0 
52 -56 466 565 15 0 
70 45 162 302 12 0 
-48 -73 196 345 22 0 
49 -86 80 217 18 0 
-40 17 401 567 25 0 
-20 80 146 295 22 0 
-19 -78 450 543 5 0 
77 -5 173 345 24 0 
50 -50 95 215 22 0 
41 90 220 393 7 0 
37 48 463 596 16 0 
-26 -70 345 473 22 0 
-42 -78 123 270 8 0 
16 48 208 368 3 0 
-89 4 337 428 24 0 
-82 56 466 606 19 0 
80 54 409 526 20 0 
-20 -22 307 409 15 0 
-40 -96 319 477 22 0 
-69 -16 449 576 1 0 
-49 -80 397 550 10 0 
-29 36 454 595 8 0 
-11 91 230 323 19 0 
-75 54 239 369 18 0 
-29 -79 322 413 21 0 
-97 -28 409 500 9 0 
-42 -35 311 413 13 0 
51 57 190 332 19 0 
5 48 199 305 21 0 
45 51 261 408 15 0 
33 -82 380 529 2 0 
85 13 274 424 2 0 
44 67 423 518 15 0 
0 19 426 522 19 0 
-26 24 243 362 19 0 
73 84 95 262 17 0 
-90 60 361 469 5 0 
-70 96 358 500 20 0 
-76 66 454 590 18 0 
-23 78 419 517 19 0 
-90 6 437 538 20 0 
48 -15 84 185 12 0 
34 -59 243 371 7 0 
77 2 347 522 9 0 
-74 86 241 352 2 0 
44 -72 271 367 16 0 
-20 -73 147 253 23 0 
-62 -69 453 612 18 0 
36 -26 162 308 3 0 
-83 -19 64 196 14 0 
-9 -98 122 215 5 0 
-50 99 348 515 18 0 
-83 84 360 453 7 0 
-77 65 93 261 7 0 
15 72 295 428 16 0 
23 -49 219 330 24 0 
4 -83 107 208 15 0 
-24 29 443 608 25 0 
40 -76 472 578 14 0 
-54 8 313 459 6 0 
44 -99 420 584 9 0 
83 45 256 393 24 0 
76 -20 421 512 14 0 
-89 -10 344 435 3 0 
15 82 479 639 6 0 
-32 -22 246 414 7 0 
-41 -71 160 262 21 0 
88 -78 387 517 22 0 
98 92 73 168 23 0 
-81 85 158 294 11 0 
66 -59 402 566 23 0 
-57 -78 140 307 13 0 
-37 -30 440 590 24 0 
-69 7 229 343 16 0 
-10 53 354 510 9 0 
51 -68 217 310 1 0 
-56 -62 453 631 5 0 
99 -99 414 507 7 0 
-25 -19 316 468 6 0 
-73 98 107 209 7 0 
40 -65 313 488 1 0 
-44 29 139 276 22 0 
31 -80 277 453 17 0 
22 41 208 332 13 0 
-56 13 193 334 13 0 
-76 -77 224 389 10 0 
-69 98 67 222 1 0 
36 54 184 315 4 0 
54 -51 295 388 19 0 
41 -64 383 491 25 0 
35 52 180 352 1 0 
-34 -38 284 451 11 0 
-34 11 121 234 19 0 
64 80 473 588 3 0 
70 11 203 326 13 0 
-10 -88 92 219 21 0 
-83 -95 330 510 17 0 
1 -75 133 311 10 0 
-72 95 311 463 18 0 
-86 65 135 296 18 0 
66 52 167 334 20 0 
-67 48 343 518 17 0 
18 90 68 246 11 0 
96 -57 102 266 25 0 
-36 28 346 499 1 0 
-90 -86 353 449 22 0 
-23 -59 123 260 15 0 
92 -90 104 237 3 0 
-91 20 436 543 8 0 
60 -25 135 300 19 0 
-70 -49 280 398 25 0 
65 -98 140 320 23 0 
33 -59 404 581 10 0 
26 61 312 479 12 0 
-24 80 123 253 13 0 
10 -37 82 212 18 0 
28 -7 112 271 17 0 
-30 27 210 315 8 0 
64 59 216 351 24 0 
-76 69 263 354 13 0 
-7 40 410 552 11 0 
59 6 425 593 6 0 
56 74 144 281 20 0 
-69 44 149 312 2 0 
90 71 404 583 24 0 
58 -34 429 592 23 0 
70 -13 206 386 13 0 
77 -94 299 402 8 0 
61 65 153 320 6 0 
-31 93 122 218 17 0 
-20 29 69 226 3 0 
-96 -0 111 284 15 0 
91 74 313 406 2 0 
-40 12 124 267 18 0 
-92 -39 231 410 5 0 
94 94 326 492 5 0 
-91 -38 190 340 17 0 
62 -72 451 576 9 0 
-10 -57 179 334 25 0 
4 -81 84 205 23 0 
72 71 228 371 25 0 
-51 -86 277 442 22 0 
-6 -99 327 479 16 0 
44 88 230 374 1 0 
8 -62 224 316 15 0 
-96 -52 162 333 10 0 
93 -11 113 225 2 0 
85 46 135 277 2 0 
24 -19 283 459 12 0 
-31 -46 122 284 14 0 
23 17 315 456 8 0 
-88 -97 64 218 23 0 
92 -81 246 376 9 0 
-17 76 470 599 5 0 
-9 82 262 415 19 0 
-53 -56 98 236 23 0 
-90 17 390 497 1 0 
-3 74 73 182 22 0 
43 3 421 549 21 0 
-54 98 221 313 18 0 
-40 39 437 597 21 0 
-43 -82 419 590 19 0 
-54 -23 76 255 2 0 
95 -37 233 379 3 0 
-50 17 304 477 6 0 
-98 72 317 432 10 0 
22 -68 364 525 12 0 
-75 -39 452 577 4 0 
-97 46 256 363 22 0 
-1 -95 195 367 16 0 
-89 -71 95 253 11 0 
-93 -82 353 512 11 0 
55 31 151 295 19 0 
-17 -13 124 256 18 0 
24 -46 258 393 14 0 
-64 29 250 395 22 0 
-9 -98 412 505 20 0 
-50 33 405 529 16 0 
90 57 407 538 2 0 
39 -88 258 419 9 0 
5 91 334 428 8 0 
-49 42 409 573 17 0 
56 -50 349 476 17 0 
36 38 458 591 11 0 
-70 -30 181 314 24 0 
-46 -16 319 479 12 0 
-12 -84 85 190 11 0 
-12 -90 456 569 18 0 
54 -52 89 268 12 0 
49 -66 407 540 9 0 
-6 35 383 475 16 0 
45 88 266 376 13 0 
92 0 375 542 6 0 
33 -84 401 513 22 0 
-0 -79 104 263 5 0 
21 76 89 247 5 0 
-25 10 468 609 21 0 
-68 69 179 305 5 0 
-71 40 254 408 17 0 
-41 -9 292 390 1 0 
74 73 425 523 25 0 
-79 -75 160 318 12 0 
-17 -57 392 546 24 0 
75 6 305 475 7 0 
14 -89 175 314 18 0 
-37 -46 71 239 23 0 
-84 -51 76 252 2 0 
-44 85 318 453 18 0 
24 -42 455 629 9 0 
25 -81 343 452 1 0 
-69 -61 120 217 19 0 
-73 -93 461 571 2 0 
25 53 252 364 24 0 
-95 5 311 471 12 0 
49 -84 367 492 14 0 
-28 8 228 359 5 0 
34 -31 75 214 3 0 
-6 6 447 612 2 0 
-97 -95 113 281 4 0 
15 -19 391 525 23 0 
16 -28 195 346 2 0 
57 66 108 287 20 0 
-3 -32 447 546 22 0 
-56 56 350 446 6 0 
-62 -53 320 441 10 0 
36 22 442 567 4 0 
-28 3 288 415 10 0 
-78 53 452 577 16 0 
76 -65 134 266 19 0 
-61 -99 470 594 21 0 
24 -66 72 197 13 0 
30 98 143 276 22 0 
81 -24 423 524 12 0 
56 98 346 524 24 0 
-7 27 355 484 1 0 
-53 38 282 451 15 0 
90 37 294 389 1 0 
-47 -30 257 413 4 0 
30 79 124 266 13 0 
-41 12 389 514 9 0 
-93 34 65 160 15 0 
-40 65 239 386 2 0 
74 -53 403 531 24 0 
-81 -71 276 381 17 0 
-38 91 157 284 23 0 
43 -48 138 312 23 0 
79 17 451 562 1 0 
-47 -98 331 437 10 0 
29 -98 455 597 1 0 
-45 38 274 415 19 0 
-20 74 295 425 9 0 
-25 -2 312 415 24 0 
-6 48 399 505 5 0 
47 -12 60 187 5 0 
95 54 230 388 6 0 
15 -3 437 616 1 0 
-47 -88 447 589 22 0 
44 97 330 452 17 0 
53 -69 363 516 22 0 
-80 43 445 595 15 0 
-13 65 65 230 19 0 
70 24 474 626 17 0 
93 -93 141 300 20 0 
16 -43 60 165 6 0 
-39 48 196 327 7 0 
-46 -62 73 246 14 0 
-44 0 418 512 24 0 
-78 -71 396 574 24 0 
-75 -63 329 465 22 0 
-87 85 319 452 18 0 
12 36 196 331 1 0 
60 -9 99 212 23 0 
-71 -30 428 547 21 0 
18 46 165 296 18 0 
77 30 362 533 3 0 
-73 -43 119 290 5 0 
4 80 354 494 15 0 
94 -21 174 274 15 0 
-10 6 137 279 18 0 
50 9 190 337 21 0 
34 -28 470 648 8 0 
-81 -3 165 290 19 0 
53 -37 415 549 11 0 
57 43 354 491 15 0 
-14 47 412 568 6 0 
-68 69 308 451 4 0 
-20 61 463 631 7 0 
-57 -41 197 310 16 0 
48 -42 195 370 22 0 
-25 -96 374 480 21 0 
-81 -33 146 283 17 0 
-29 75 97 259 6 0 
-76 -29 344 441 16 0 
35 33 153 320 21 0 
73 68 215 350 7 0 
-84 -57 156 331 7 0 
-91 -31 150 246 20 0 
83 -97 379 474 21 0 
83 -5 226 404 5 0 
-82 81 87 249 22 0 
71 23 106 214 1 0 
67 40 247 371 2 0 
59 78 260 396 21 0 
-77 -49 368 518 21 0 
-49 -69 456 560 8 0 
-23 -26 241 378 15 0 
-13 85 297 452 25 0 
62 -72 249 346 14 0 
-51 15 247 400 13 0 
44 59 473 574 19 0 
10 -99 274 379 17 0 
72 -55 297 413 7 0 
23 26 211 374 23 0 
-77 83 380 549 13 0 
-16 42 475 590 19 0 
66 -72 328 427 15 0 
-68 -44 259 411 11 0 
6 -26 417 589 7 0 
-99 -76 187 338 3 0 
-31 -22 223 374 13 0 
31 38 457 617 4 0 
-8 -83 119 213 21 0 
91 -50 413 549 7 0 
65 -34 330 429 8 0 
32 -73 124 253 5 0 
-0 88 98 216 25 0 
-29 91 209 352 2 0 
76 -77 268 427 4 0 
-34 -63 234 413 4 0 
-48 99 468 614 21 0 
7 95 374 536 21 0 
41 -83 350 516 15 0 
68 -95 292 452 25 0 
84 -11 267 365 19 0 
-38 93 446 603 19 0 
77 29 241 421 16 0 
2 4 0 
21 -8 0 
-43 -18 0 
-10 -37 0 
0 0 0 
104 175 0