64 48 194 483 2 0 
-84 74 116 377 10 0 
-66 -28 255 497 23 0 
-9 -50 71 301 21 0 
47 79 233 515 6 0 
90 -8 176 481 9 0 
-88 61 70 254 12 0 
44 -63 287 526 17 0 
57 75 299 624 6 0 
42 -86 125 461 24 0 
-64 -81 188 375 18 0 
-70 58 198 421 21 0 
-83 19 130 320 18 0 
8 -63 167 487 9 0 
28 96 134 407 2 0 
91 46 190 506 19 0 
22 94 163 504 17 0 
85 -47 105 337 8 0 
-98 70 151 398 6 0 
-75 -60 224 490 13 0 
-28 28 75 414 6 0 
35 84 95 423 18 0 
-36 -76 197 505 8 0 
33 29 227 484 8 0 
24 98 71 417 12 0 
-20 72 127 413 22 0 
-29 -52 256 555 2 0 
-72 -82 65 258 22 0 
-4 -34 262 594 18 0 
50 12 249 472 4 0 
2 65 148 392 18 0 
82 -49 80 264 18 0 
30 -89 233 470 4 0 
89 79 122 353 1 0 
-77 -3 189 534 14 0 
0 52 228 521 13 0 
-85 -92 144 504 19 0 
93 -22 85 340 1 0 
25 57 135 423 21 0 
21 -91 285 469 22 0 
-61 -17 267 621 13 0 
79 98 156 419 5 0 
68 80 110 360 5 0 
2 -81 222 538 19 0 
-73 -96 137 355 24 0 
0 19 272 627 22 0 
80 -95 202 546 15 0 
-73 32 187 505 9 0 
-16 -59 295 486 4 0 
-32 -18 169 453 17 0 
98 -51 203 456 10 0 
63 -20 298 507 4 0 
-90 24 277 468 8 0 
44 -83 126 321 3 0 
-38 -49 67 317 2 0 
74 -64 191 528 10 0 
-45 -5 89 390 23 0 
-95 56 267 505 23 0 
-31 51 236 560 13 0 
-15 78 253 472 18 0 
75 49 245 445 24 0 
81 -18 84 428 13 0 
-69 0 287 467 11 0 
67 92 278 595 21 0 
-60 92 207 475 17 0 
88 87 243 427 1 0 
24 12 102 307 4 0 
-32 94 206 526 8 0 
49 -73 288 556 4 0 
-79 77 207 525 5 0 
-25 -50 63 273 17 0 
-65 -88 115 327 20 0 
-34 -80 271 567 11 0 
-11 -40 218 529 25 0 
-27 18 166 387 3 0 
67 -33 150 373 16 0 
23 -0 180 519 13 0 
98 -19 266 573 16 0 
-79 71 244 493 22 0 
58 -93 83 415 1 0 
-35 27 206 395 1 0 
-98 -62 159 395 5 0 
15 33 161 491 20 0 
51 -97 76 317 19 0 
35 -52 247 476 15 0 
-87 -77 117 450 13 0 
-16 -66 100 290 13 0 
-79 29 278 521 3 0 
93 -43 248 586 14 0 
-90 -13 244 485 19 0 
-73 -29 259 553 25 0 
71 -59 195 501 13 0 
-78 63 285 490 6 0 
10 89 163 440 5 0 
-69 25 273 468 14 0 
22 87 122 370 18 0 
-75 69 216 407 1 0 
-67 60 203 423 1 0 
54 -23 207 410 8 0 
64 40 74 395 6 0 
39 -75 86 409 1 0 
60 73 159 376 21 0 
-35 -74 196 376 21 0 
-86 19 62 399 25 0 
43 45 222 407 10 0 
-86 50 187 528 18 0 
56 -73 175 475 4 0 
-16 40 257 492 11 0 
-1 -19 178 473 24 0 
-66 -16 241 453 9 0 
15 -18 232 477 22 0 
98 12 113 294 23 0 
-86 -67 151 465 8 0 
96 39 228 463 7 0 
-25 28 188 411 13 0 
59 14 84 405 18 0 
20 8 217 546 6 0 
41 -60 153 489 19 0 
-44 17 216 496 22 0 
-61 -18 147 414 11 0 
-96 -52 216 479 19 0 
-73 -23 219 399 1 0 
-7 83 77 422 6 0 
-82 -60 104 455 23 0 
-11 -51 190 516 17 0 
91 -56 175 390 16 0 
-55 49 216 484 1 0 
-33 97 143 494 5 0 
-68 65 63 299 4 0 
69 -43 87 307 23 0 
-57 60 87 320 18 0 
58 37 106 303 14 0 
60 -11 232 521 11 0 
98 -4 182 432 4 0 
-88 -55 175 468 7 0 
50 -47 181 483 6 0 
70 -69 180 403 19 0 
55 -29 178 433 16 0 
-83 -2 143 370 18 0 
33 -43 239 476 18 0 
95 88 75 432 7 0 
68 -77 214 443 23 0 
0 -84 217 554 25 0 
60 50 95 442 20 0 
-60 37 209 446 21 0 
69 -95 215 565 16 0 
-67 -59 144 374 11 0 
-24 37 98 349 19 0 
7 13 153 429 1 0 
31 73 93 424 4 0 
-53 -18 298 654 19 0 
-17 75 229 426 22 0 
79 -84 243 582 13 0 
94 97 148 457 21 0 
96 1 144 425 19 0 
-76 -58 240 532 10 0 
-66 57 117 459 22 0 
4 -19 130 392 19 0 
-11 61 91 450 3 0 
37 0 279 512 20 0 
2 22 211 455 22 0 
-7 -49 229 414 11 0 
-10 82 223 411 16 0 
58 -44 72 301 9 0 
42 -96 219 530 14 0 
13 77 169 406 25 0 
-72 -65 172 357 6 0 
72 -53 242 477 8 0 
98 -15 261 469 22 0 
-36 -98 201 502 16 0 
-46 -89 299 533 12 0 
-63 -81 87 289 4 0 
-25 -12 261 581 12 0 
30 85 102 434 24 0 
72 -49 191 408 22 0 
-29 -16 61 283 22 0 
72 -39 258 609 7 0 
-43 -67 245 554 4 0 
58 77 192 450 11 0 
-72 -38 282 497 11 0 
-31 28 133 401 2 0 
-12 -51 213 410 14 0 
34 19 192 483 17 0 
20 5 213 519 1 0 
3 49 97 391 16 0 
-28 -67 287 528 3 0 
95 -76 203 517 2 0 
-20 88 226 513 18 0 
17 -32 297 602 6 0 
14 67 66 264 5 0 
80 74 199 416 19 0 
97 -94 81 269 12 0 
-25 69 216 397 21 0 
-28 -99 76 275 19 0 
50 30 265 509 8 0 
-71 2 159 499 21 0 
12 -98 92 420 21 0 
-62 -8 203 467 25 0 
56 -70 274 538 1 0 
-31 -31 118 333 13 0 
-43 90 149 390 11 0 
26 -69 249 568 20 0 
-69 52 226 553 13 0 
-54 -13 229 579 4 0 
15 -80 247 477 4 0 
-83 -49 161 472 10 0 
40 -79 170 479 13 0 
-67 44 149 365 8 0 
59 38 235 594 11 0 
1 -67 65 288 14 0 
44 87 127 418 12 0 
57 35 216 476 23 0 
-99 78 261 612 9 0 
99 86 174 419 19 0 
-70 -12 79 378 1 0 
24 -38 254 476 9 0 
-53 -49 237 481 19 0 
95 10 80 391 11 0 
-31 4 242 582 10 0 
47 62 140 421 6 0 
-66 -37 270 600 2 0 
17 -31 172 375 3 0 
-36 75 277 557 16 0 
66 -40 217 405 4 0 
90 -46 217 445 2 0 
-77 49 174 364 20 0 
-52 77 103 349 12 0 
44 -35 188 380 4 0 
7 -10 70 348 15 0 
6 11 95 341 11 0 
-33 98 280 529 20 0 
-16 -52 111 362 4 0 
-2 -45 209 517 12 0 
-66 15 197 500 4 0 
76 -30 238 429 14 0 
-60 -67 61 284 17 0 
-24 -86 151 378 9 0 
98 16 178 366 10 0 
1 -57 72 331 11 0 
68 -78 71 283 9 0 
-9 -86 103 378 23 0 
49 13 102 390 25 0 
-4 -91 140 421 25 0 
89 -18 82 350 16 0 
-17 5 238 422 23 0 
-98 -67 219 454 7 0 
11 -85 108 401 5 0 
-72 -68 161 437 18 0 
62 43 80 330 11 0 
5 56 260 596 10 0 
-65 -53 236 521 13 0 
37 60 190 543 6 0 
-82 34 295 584 7 0 
36 56 184 389 18 0 
-60 80 142 332 1 0 
-68 -63 129 394 12 0 
-66 89 102 287 6 0 
66 -12 106 355 4 0 
6 -0 167 365 23 0 
-65 -44 270 478 7 0 
95 -81 237 560 9 0 
67 -89 134 462 22 0 
90 -91 271 615 3 0 
-42 -73 118 339 3 0 
-14 -25 77 344 15 0 
88 -76 112 311 16 0 
5 65 248 451 24 0 
-48 -14 175 359 25 0 
11 27 145 404 16 0 
-96 30 220 548 9 0 
55 45 182 405 1 0 
-10 79 89 429 4 0 
-34 -80 285 635 14 0 
-53 -61 290 546 15 0 
97 -8 96 343 5 0 
-48 91 235 564 7 0 
70 -52 250 483 1 0 
-37 97 186 446 1 0 
-95 33 84 443 4 0 
-85 -28 156 460 25 0 
-7 -37 99 330 2 0 
-87 -91 142 349 25 0 
63 3 242 548 20 0 
64 -56 95 306 5 0 
88 69 111 355 15 0 
-4 80 183 410 3 0 
-66 -98 221 510 14 0 
47 -92 65 256 6 0 
24 -64 111 428 20 0 
47 5 277 533 6 0 
-71 87 97 442 15 0 
27 75 76 336 17 0 
77 -49 283 566 15 0 
-18 -31 257 611 1 0 
81 20 101 343 3 0 
96 -89 134 419 2 0 
47 93 276 509 22 0 
38 57 70 309 24 0 
20 -68 98 297 9 0 
-67 -71 199 517 5 0 
2 -18 294 577 11 0 
-65 -14 108 313 15 0 
-51 8 166 456 6 0 
98 60 171 507 17 0 
-42 -98 223 454 3 0 
-66 -98 68 411 22 0 
-97 -54 108 423 19 0 
13 -13 97 315 6 0 
89 41 251 466 25 0 
28 -8 196 458 7 0 
30 -37 109 391 18 0 
-2 16 270 584 13 0 
46 -68 158 479 17 0 
-1 90 257 600 19 0 
-81 82 115 451 22 0 
91 -73 63 414 22 0 
-12 86 71 321 2 0 
22 -38 239 581 3 0 
98 -31 61 399 5 0 
99 72 253 546 20 0 
-79 -5 242 453 16 0 
-96 -66 137 325 9 0 
-41 -70 197 547 20 0 
33 40 293 512 2 0 
-10 -29 129 462 9 0 
-24 0 244 486 6 0 
29 41 277 527 21 0 
-2 -50 170 504 7 0 
65 -86 223 403 25 0 
-16 -56 278 504 6 0 
-57 -98 288 630 14 0 
-56 16 186 423 3 0 
15 -76 262 498 13 0 
-75 58 169 448 18 0 
96 62 60 278 23 0 
-93 -43 139 332 11 0 
64 -80 87 357 18 0 
-69 23 129 459 5 0 
55 -25 76 399 11 0 
-80 90 171 356 24 0 
56 -49 67 252 14 0 
-57 -74 262 506 2 0 
53 -39 178 484 13 0 
81 -0 162 437 12 0 
32 55 285 583 17 0 
-48 54 69 283 22 0 
23 -73 132 456 12 0 
-11 68 185 507 20 0 
-68 58 73 379 7 0 
73 -97 75 423 15 0 
30 82 226 573 2 0 
93 -68 273 585 7 0 
75 -1 122 332 13 0 
80 -17 119 339 17 0 
-13 73 288 489 13 0 
-86 3 109 415 19 0 
-80 17 229 484 8 0 
-17 78 136 323 21 0 
12 -81 294 585 17 0 
19 -81 284 605 7 0 
-36 -47 163 510 17 0 
21 -55 282 613 20 0 
-83 -33 65 379 22 0 
-68 -2 263 479 14 0 
27 -16 210 450 15 0 
48 -54 86 416 6 0 
-45 -49 205 445 14 0 
-58 77 300 548 14 0 
-59 74 215 485 16 0 
75 73 244 572 23 0 
41 -21 78 307 19 0 
-50 -11 177 532 24 0 
21 -16 181 421 12 0 
-19 -83 274 614 19 0 
-20 67 124 334 25 0 
54 -43 91 449 13 0 
-89 -29 215 504 12 0 
-30 -4 290 471 25 0 
-72 -57 248 494 7 0 
58 -88 179 475 25 0 
47 49 156 355 5 0 
98 1 215 489 8 0 
70 -6 196 451 9 0 
20 -81 189 433 8 0 
80 57 271 527 2 0 
76 -61 295 618 1 0 
17 0 99 372 17 0 
90 -61 165 451 9 0 
58 -98 96 395 25 0 
-18 87 184 397 14 0 
80 -82 202 543 3 0 
22 43 110 423 17 0 
99 -7 156 387 22 0 
-74 -85 162 357 25 0 
31 -99 164 520 25 0 
17 -9 96 432 11 0 
19 -3 75 333 4 0 
9 -31 164 359 12 0 
93 -69 218 547 17 0 
-49 2 176 364 13 0 
84 97 191 545 10 0 
-35 60 190 465 16 0 
27 75 229 475 6 0 
-95 51 95 356 5 0 
90 83 157 495 8 0 
-16 50 238 581 6 0 
91 67 250 530 18 0 
-5 29 291 513 17 0 
24 -56 68 374 17 0 
-15 -73 278 605 20 0 
-5 49 295 486 2 0 
47 37 230 539 7 0 
19 55 296 618 11 0 
76 -37 136 369 11 0 
36 -41 132 415 24 0 
-16 46 159 417 21 0 
-72 -67 273 551 23 0 
11 -71 270 507 13 0 
73 30 136 477 13 0 
-23 94 167 475 21 0 
-62 -59 163 503 21 0 
70 83 170 485 7 0 
-16 -31 168 407 1 0 
-70 -21 284 505 21 0 
2 -18 253 554 23 0 
-73 29 270 507 15 0 
-77 -30 85 276 25 0 
-45 52 286 468 5 0 
-56 -38 278 622 20 0 
-85 -65 183 532 14 0 
-92 -45 212 483 3 0 
-68 20 75 345 3 0 
70 -16 285 532 2 0 
24 -88 101 396 2 0 
-42 11 188 382 8 0 
35 -87 145 448 7 0 
39 44 277 549 9 0 
89 77 253 496 6 0 
63 -99 109 381 8 0 
-56 70 258 618 20 0 
86 48 263 582 18 0 
-26 -10 252 459 8 0 
84 5 250 522 16 0 
22 -82 243 564 12 0 
16 -27 151 404 14 0 
40 50 98 434 3 0 
-28 70 282 586 7 0 
-17 -37 270 454 15 0 
18 68 286 622 21 0 
-31 -77 104 335 24 0 
-92 71 225 553 24 0 
99 -19 266 493 8 0 
83 -92 150 414 11 0 
65 21 243 463 2 0 
-29 -96 113 453 1 0 
66 -57 223 539 17 0 
99 76 120 401 19 0 
-85 -25 162 389 6 0 
-24 -63 138 450 14 0 
-88 28 238 492 17 0 
-39 -27 249 549 1 0 
33 -15 120 478 10 0 
-37 82 259 617 23 0 
-81 -99 149 479 17 0 
16 -96 169 521 8 0 
-31 75 257 572 19 0 
61 -97 272 560 23 0 
57 78 300 515 20 0 
-74 64 255 442 3 0 
-56 -97 281 501 16 0 
8 -41 90 333 7 0 
56 -93 227 443 3 0 
68 70 171 444 1 0 
-5 -42 282 599 17 0 
-3 -44 165 388 14 0 
-81 -70 264 489 25 0 
-13 43 268 503 5 0 
85 55 276 559 8 0 
27 20 233 444 1 0 
81 97 230 497 21 0 
-96 -80 65 281 4 0 
-9 -72 97 441 13 0 
55 88 87 359 5 0 
83 -48 171 508 25 0 
98 -99 101 414 11 0 
60 98 119 459 5 0 
-63 34 94 360 23 0 
-55 -92 201 459 14 0 
-89 -1 123 309 8 0 
-7 -33 167 410 12 0 
-31 68 168 363 10 0 
-33 -59 130 350 5 0 
62 53 123 457 6 0 
-91 -6 175 402 5 0 
-56 59 225 479 1 0 
-40 -21 130 342 2 0 
26 -76 164 421 7 0 
-35 -80 144 386 14 0 
21 88 128 428 6 0 
-58 7 158 467 4 0 
-1 -90 230 415 10 0 
-56 -4 205 429 21 0 
-55 -89 297 551 6 0 
68 -27 99 319 5 0 
34 4 287 577 13 0 
-94 90 244 545 9 0 
-57 53 73 283 1 0 
7 -94 229 498 7 0 
-62 83 170 432 18 0 
-60 -53 177 357 24 0 
-43 -69 181 383 18 0 
97 81 264 514 12 0 
89 -60 215 445 22 0 
44 -7 90 279 3 0 
17 -26 157 391 4 0 
-87 -34 195 403 13 0 
34 52 106 302 20 0 
96 -38 156 380 16 0 
79 76 284 583 22 0 
2 71 159 476 9 0 
3 -31 264 504 20 0 
-95 -18 174 452 22 0 
-29 -45 101 375 6 0 
6 45 177 502 18 0 
-42 79 211 500 1 0 
36 66 249 558 25 0 
42 -84 78 302 15 0 
56 -12 126 306 20 0 
-95 36 226 466 12 0 
-88 -52 208 448 17 0 
64 91 119 388 15 0 
-72 -70 222 420 25 0 
32 -38 87 407 2 0 
54 78 235 560 2 0 
27 3 68 315 21 0 
76 -82 295 654 10 0 
-38 -27 184 417 19 0 
87 46 291 606 15 0 
7 -86 152 454 23 0 
59 -34 245 602 1 0 
78 95 117 366 14 0 
-65 -85 166 468 20 0 
57 -90 238 472 6 0 
-94 13 131 466 11 0 
32 59 249 559 12 0 
-72 -96 222 547 1 0 
-51 -62 257 490 15 0 
-51 92 162 416 8 0 
-56 -69 134 380 18 0 
26 81 106 324 23 0 
-95 75 83 392 17 0 
-79 43 234 464 4 0 
-31 -78 142 407 5 0 
-5 50 223 475 4 0 
-95 63 226 572 12 0 
62 -50 293 519 7 0 
-4 67 170 485 19 0 
28 87 159 401 18 0 
85 19 182 490 24 0 
-37 77 112 304 1 0 
99 42 239 590 3 0 
-96 -30 140 324 17 0 
72 61 67 362 10 0 
-52 -32 220 447 15 0 
-56 -88 292 627 17 0 
-21 -70 103 342 10 0 
-13 78 251 541 12 0 
90 -84 167 463 16 0 
-22 -36 219 569 10 0 
26 -3 277 488 17 0 
17 -14 207 424 5 0 
-63 -27 95 392 15 0 
87 22 196 513 4 0 
15 -40 145 354 23 0 
-1 93 125 336 5 0 
53 -70 251 543 19 0 
29 -30 174 358 11 0 
-99 -76 106 316 13 0 
-48 -17 191 537 11 0 
-4 -89 96 277 15 0 
-85 13 223 552 22 0 
-95 8 203 467 24 0 
3 92 72 363 15 0 
10 53 61 336 24 0 
89 -97 214 444 15 0 
24 -49 165 516 3 0 
-57 -82 146 328 3 0 
55 -26 287 616 8 0 
91 -49 277 623 14 0 
7 -54 95 382 2 0 
21 53 146 409 11 0 
-32 51 285 515 24 0 
55 -83 234 495 11 0 
-7 -80 278 576 8 0 
-64 -91 216 465 3 0 
-31 58 275 573 20 0 
-55 -1 258 497 19 0 
20 -20 92 285 19 0 
6 -55 124 364 15 0 
12 73 156 404 6 0 
56 72 105 337 11 0 
27 -45 159 343 10 0 
-17 65 176 495 13 0 
97 -22 218 510 15 0 
32 84 69 343 13 0 
-50 50 217 519 17 0 
72 67 72 280 24 0 
-25 -26 114 423 9 0 
8 72 194 526 1 0 
-69 88 98 327 25 0 
96 95 159 491 11 0 
21 -15 209 507 14 0 
38 34 297 531 11 0 
21 -6 229 560 24 0 
-33 -72 61 302 23 0 
66 -7 86 377 18 0 
-98 -52 86 442 6 0 
-83 38 199 408 15 0 
23 -7 129 316 8 0 
15 46 276 635 21 0 
-1 89 97 291 23 0 
5 -87 193 442 1 0 
-48 -60 294 569 9 0 
89 -87 165 490 4 0 
-61 -49 162 510 1 0 
-98 44 198 455 19 0 
87 47 80 332 2 0 
76 40 142 482 1 0 
65 -25 274 559 1 0 
4 -52 194 481 19 0 
-77 8 272 487 24 0 
33 -98 171 368 17 0 
21 -49 271 509 9 0 
-62 -27 127 401 8 0 
98 -30 94 338 15 0 
-10 65 225 438 3 0 
-77 -97 186 492 2 0 
-95 97 104 432 6 0 
-58 -25 244 506 1 0 
-94 99 140 392 14 0 
82 -92 97 325 21 0 
46 -80 88 322 10 0 
-53 -4 167 384 12 0 
76 96 164 480 6 0 
14 29 103 386 16 0 
-89 89 287 475 2 0 
-22 -21 178 416 22 0 
83 -92 179 366 10 0 
16 40 236 423 13 0 
-20 -68 221 440 18 0 
-92 98 157 379 7 0 
-11 -56 159 471 8 0 
-39 56 107 420 15 0 
-50 -60 85 408 22 0 
-35 -80 284 622 2 0 
-90 40 98 401 11 0 
42 -98 108 443 15 0 
-31 7 162 458 18 0 
2 18 234 438 10 0 
-3 -86 174 381 4 0 
28 23 110 423 17 0 
41 -65 259 472 18 0 
-93 4 237 553 4 0 
2 -61 63 355 7 0 
47 52 278 638 11 0 
-53 -94 63 284 16 0 
-91 -73 294 483 10 0 
-96 -83 236 532 6 0 
-76 -17 204 490 5 0 
82 -36 254 479 2 0 
38 -35 243 466 25 0 
-90 -46 235 559 3 0 
-48 35 170 375 13 0 
11 -51 148 485 12 0 
83 19 247 601 11 0 
72 -2 266 567 14 0 
-96 -78 276 622 4 0 
-86 -11 226 542 24 0 
52 -74 251 524 4 0 
94 -15 86 282 6 0 
-64 -73 188 472 3 0 
-51 95 94 304 25 0 
27 62 134 318 25 0 
12 -51 199 391 8 0 
76 -44 217 469 15 0 
37 47 257 589 22 0 
68 -64 203 463 8 0 
44 -62 190 471 15 0 
45 44 123 385 20 0 
19 46 228 516 7 0 
53 84 196 465 17 0 
94 12 61 336 18 0 
98 -50 134 403 20 0 
51 -83 170 512 9 0 
-11 -11 105 292 2 0 
96 10 60 242 3 0 
-96 -92 138 335 1 0 
-28 -38 193 390 22 0 
70 -15 258 560 11 0 
62 -48 135 389 17 0 
-50 0 167 384 2 0 
58 -25 238 565 16 0 
98 25 155 494 8 0 
69 -33 223 571 3 0 
1 33 114 427 24 0 
-66 90 231 572 5 0 
-27 43 256 567 9 0 
-84 19 114 381 7 0 
74 72 276 505 8 0 
-87 -53 127 485 15 0 
-90 45 158 465 25 0 
-74 87 177 441 3 0 
6 -72 178 358 4 0 
-13 -27 234 506 4 0 
-32 -49 174 517 8 0 
80 46 216 569 4 0 
20 -47 291 472 13 0 
-23 -99 74 402 3 0 
43 81 62 261 23 0 
97 54 284 518 16 0 
73 67 283 471 23 0 
-85 -94 249 583 25 0 
92 -49 163 384 16 0 
-96 94 88 319 20 0 
44 39 213 527 23 0 
-77 -67 206 398 1 0 
-58 88 138 366 17 0 
19 62 248 473 14 0 
-54 -36 102 319 12 0 
8 41 95 278 19 0 
51 95 145 384 15 0 
-2 12 102 297 25 0 
89 93 63 286 16 0 
-90 -18 100 402 11 0 
72 -84 222 427 19 0 
94 15 139 330 5 0 
-29 60 111 444 14 0 
-94 -69 268 600 4 0 
-85 -6 82 417 5 0 
-74 -16 154 382 12 0 
11 -24 89 431 15 0 
90 -91 112 324 10 0 
-87 -27 137 391 9 0 
-38 53 133 470 15 0 
0 34 147 391 13 0 
82 -2 253 612 4 0 
-86 -38 183 418 16 0 
-40 95 125 431 15 0 
60 12 197 525 15 0 
-41 -35 285 628 10 0 
-44 -48 127 393 2 0 
-1 -60 135 396 11 0 
-97 -85 119 402 21 0 
-59 -76 241 521 21 0 
2 27 257 522 6 0 
-1 -28 287 544 23 0 
14 -34 68 284 11 0 
-93 81 268 474 5 0 
21 56 117 328 15 0 
-81 -13 222 408 2 0 
-82 51 78 306 15 0 
-90 22 268 563 8 0 
-51 9 181 408 21 0 
21 -71 201 412 8 0 
57 84 263 475 8 0 
26 -44 244 503 11 0 
-7 -15 211 545 14 0 
-7 -89 246 605 1 0 
-55 -86 219 412 3 0 
1 -10 116 457 9 0 
-10 35 266 601 3 0 
-22 59 146 328 23 0 
-98 -41 133 348 7 0 
-63 43 299 543 20 0 
12 39 290 555 17 0 
-52 -33 89 407 23 0 
92 85 270 597 9 0 
-56 -8 203 399 21 0 
77 -32 83 407 23 0 
-51 -8 134 423 13 0 
62 7 167 356 23 0 
-81 55 114 348 15 0 
26 -84 159 414 21 0 
-42 -81 172 483 24 0 
60 18 207 474 20 0 
-95 48 240 572 10 0 
25 -56 165 386 20 0 
-82 -7 141 479 5 0 
-70 -46 103 453 24 0 
-72 -72 167 383 12 0 
52 -90 172 373 12 0 
68 -73 288 601 2 0 
25 67 201 493 16 0 
-0 -68 175 447 11 0 
-21 -99 261 456 3 0 
39 -84 138 489 5 0 
-81 -54 239 517 20 0 
-52 -68 95 398 14 0 
-70 98 246 553 20 0 
-36 -14 193 538 1 0 
72 -87 99 399 22 0 
-21 -27 100 296 3 0 
-12 93 223 474 23 0 
87 62 171 422 24 0 
65 -33 213 562 7 0 
88 77 146 425 15 0 
-53 -1 246 589 8 0 
54 -24 224 441 4 0 
-6 92 256 537 5 0 
-55 80 231 444 11 0 
-17 -35 99 355 24 0 
77 68 71 359 23 0 
-32 80 212 503 4 0 
-88 86 171 402 16 0 
99 -12 294 503 3 0 
-47 -77 257 537 2 0 
81 -77 129 439 4 0 
79 -70 293 562 16 0 
-55 -98 112 321 15 0 
14 -40 154 423 2 0 
48 84 158 417 16 0 
0 86 258 517 11 0 
-5 -90 163 489 25 0 
28 -87 242 497 15 0 
-87 -81 247 428 6 0 
82 -56 166 443 10 0 
-84 27 197 410 3 0 
11 39 219 460 20 0 
-97 86 297 550 9 0 
79 -71 158 492 17 0 
-61 -50 75 404 18 0 
-14 -98 190 412 14 0 
-45 -37 75 405 17 0 
70 76 162 516 4 0 
97 67 78 374 13 0 
-61 89 230 493 17 0 
78 32 94 324 7 0 
59 -85 269 558 13 0 
-5 -2 161 378 14 0 
90 3 255 550 22 0 
65 -87 285 584 15 0 
-2 71 297 551 12 0 
-59 -31 289 515 1 0 
88 -48 188 526 25 0 
-49 65 263 482 1 0 
-41 -56 136 413 15 0 
-21 -26 123 470 21 0 
35 -1 100 319 20 0 
77 -29 252 442 1 0 
36 0 279 478 13 0 
82 80 236 488 7 0 
-70 -55 161 352 18 0 
24 -71 97 423 4 0 
-98 -9 235 578 15 0 
-75 71 90 410 13 0 
-93 72 233 456 10 0 
36 -42 122 341 8 0 
27 47 184 453 1 0 
-35 -18 150 454 5 0 
-89 38 258 554 10 0 
-58 -49 254 482 25 0 
-79 45 250 543 20 0 
25 85 104 357 2 0 
-54 38 64 336 7 0 
30 2 87 421 6 0 
76 -24 98 426 1 0 
-71 -64 70 344 1 0 
23 -13 125 481 23 0 
1 -37 68 330 17 0 
72 -97 294 527 18 0 
1 85 180 409 7 0 
28 87 199 402 10 0 
95 7 143 414 25 0 
92 51 243 505 14 0 
-26 -81 292 630 13 0 
-65 63 162 487 13 0 
91 67 69 415 22 0 
49 81 82 371 1 0 
40 -52 157 459 21 0 
92 4 71 347 8 0 
-95 87 227 419 4 0 
29 62 188 404 6 0 
11 90 82 338 20 0 
-46 -24 62 374 7 0 
-52 74 147 365 20 0 
12 -73 191 542 19 0 
72 57 110 468 16 0 
-48 -72 197 464 15 0 
88 -56 161 361 2 0 
-5 -55 205 396 7 0 
-96 -75 167 506 15 0 
52 53 68 354 20 0 
0 -14 134 456 1 0 
-70 -31 122 360 15 0 
-22 -33 194 447 5 0 
96 -15 176 447 13 0 
-26 -21 132 407 21 0 
37 86 183 473 19 0 
99 42 139 346 12 0 
33 73 269 620 15 0 
79 -29 157 496 7 0 
83 -69 138 444 15 0 
-79 -57 65 378 17 0 
83 -88 161 501 2 0 
93 38 255 561 1 0 
-23 54 153 485 20 0 
-88 8 147 351 22 0 
-82 75 175 527 20 0 
59 -85 84 310 15 0 
10 94 72 371 8 0 
-52 75 227 416 16 0 
-66 33 233 476 2 0 
6 51 206 550 18 0 
46 80 114 346 1 0 
-40 -23 152 409 4 0 
-75 11 292 488 17 0 
-26 -43 81 265 22 0 
43 43 276 534 7 0 
10 -48 129 363 18 0 
-1 96 259 573 14 0 
13 49 272 617 6 0 
-53 -7 107 459 3 0 
98 86 65 321 23 0 
-2 49 78 334 17 0 
-22 57 257 584 3 0 
-99 -51 226 438 6 0 
83 82 110 439 5 0 
-67 1 180 428 6 0 
26 72 88 335 24 0 
-42 77 173 476 22 0 
-35 98 240 560 12 0 
-55 -87 61 270 19 0 
57 72 69 416 11 0 
9 -65 189 522 21 0 
61 82 64 300 1 0 
75 78 87 315 6 0 
-19 29 70 335 23 0 
12 -31 177 390 9 0 
-46 82 139 422 10 0 
-14 -18 299 607 2 0 
-15 40 242 468 21 0 
91 97 288 531 6 0 
-48 -97 120 321 14 0 
41 31 134 424 7 0 
-70 57 92 419 24 0 
-12 47 206 560 12 0 
-67 -31 250 486 14 0 
-11 68 185 386 17 0 
-10 82 101 410 9 0 
94 -44 161 381 8 0 
-51 -62 115 450 5 0 
51 80 212 451 20 0 
-65 72 65 402 1 0 
17 -97 123 335 24 0 
22 88 264 532 5 0 
-69 -96 146 424 11 0 
71 -77 103 390 7 0 
61 44 161 354 10 0 
-79 -13 68 273 11 0 
-13 98 143 437 7 0 
44 -25 0 
-32 14 0 
37 13 0 
-15 12 0 
0 0 0 
92 175 0