74 2 299 584 19 0 
-28 -17 204 562 16 0 
-50 39 61 347 1 0 
79 82 149 460 14 0 
61 -53 133 319 15 0 
-63 -22 237 453 16 0 
75 -69 211 413 13 0 
22 -83 69 252 14 0 
-86 -27 278 606 5 0 
-81 -39 82 355 22 0 
19 24 180 512 5 0 
-63 16 153 437 19 0 
96 -67 94 334 3 0 
46 82 121 398 23 0 
94 -93 74 375 5 0 
70 83 107 418 14 0 
8 -97 77 375 7 0 
84 83 94 406 1 0 
-31 -53 146 465 1 0 
-76 -30 111 439 18 0 
98 24 169 470 12 0 
72 -61 212 556 15 0 
-52 -54 187 412 8 0 
-82 -24 246 472 4 0 
-34 -7 193 441 19 0 
12 49 270 579 12 0 
65 32 108 301 16 0 
-49 -60 167 393 21 0 
-89 -7 184 378 25 0 
79 34 191 462 10 0 
-92 13 120 480 4 0 
-22 634 176 373 1 0 
57 78 299 581 3 0 
-91 -57 68 253 19 0 
-17 -57 93 282 8 0 
98 74 268 475 25 0 
80 -34 204 547 8 0 
-81 63 227 464 25 0 
72 -98 236 519 23 0 
-96 72 208 453 19 0 
19 83 228 471 12 0 
-95 32 284 570 12 0 
32 -65 292 633 16 0 
-59 49 195 377 25 0 
-21 -62 87 356 18 0 
-51 -88 144 445 13 0 
24 -77 134 470 9 0 
-83 88 124 446 12 0 
50 -81 83 335 5 0 
-49 11 165 492 16 0 
-64 -42 113 386 1 0 
51 32 295 596 13 0 
78 5 189 507 10 0 
49 95 214 452 16 0 
12 -5 181 500 17 0 
-18 68 262 500 22 0 
0 -24 164 512 22 0 
92 -82 122 364 3 0 
92 -12 152 387 4 0 
87 -81 220 475 4 0 
12 35 133 357 20 0 
94 -55 192 414 23 0 
-73 62 164 363 10 0 
77 -47 103 325 21 0 
-50 -72 178 425 9 0 
-88 11 147 388 4 0 
-98 -98 250 575 25 0 
-80 14 256 489 5 0 
-40 -34 193 376 11 0 
18 45 197 470 17 0 
-33 -26 72 310 3 0 
-0 24 169 424 4 0 
71 -76 166 377 4 0 
-93 -8 204 531 4 0 
-62 36 120 365 24 0 
33 -24 112 367 4 0 
-97 -51 294 608 12 0 
-77 -69 251 530 16 0 
-66 -92 158 508 25 0 
29 75 103 372 25 0 
-43 98 246 559 23 0 
-13 -77 204 557 20 0 
-29 -73 87 412 14 0 
-59 79 300 488 16 0 
63 81 189 474 8 0 
89 -76 225 516 4 0 
25 -63 246 504 1 0 
87 72 61 388 22 0 
60 -44 219 545 15 0 
-23 91 125 344 13 0 
40 89 209 447 5 0 
-75 -17 278 586 6 0 
73 75 188 458 15 0 
-74 86 213 409 24 0 
-37 -84 97 292 7 0 
19 -7 172 370 12 0 
50 81 169 516 23 0 
-73 -59 193 413 22 0 
-28 -93 264 497 16 0 
-19 57 291 558 13 0 
19 -91 116 382 19 0 
47 -84 255 472 5 0 
-16 69 231 515 24 0 
-18 33 74 340 24 0 
-67 91 274 495 2 0 
28 73 114 361 13 0 
44 -84 233 544 8 0 
8 -9 113 437 16 0 
-60 -13 95 331 3 0 
-52 -32 191 473 24 0 
-23 -46 115 305 8 0 
16 -65 163 401 8 0 
83 -63 261 455 13 0 
-60 -81 221 453 13 0 
-51 -69 224 528 22 0 
-15 -87 153 380 15 0 
97 54 145 363 3 0 
65 -79 292 518 6 0 
-43 74 227 537 16 0 
60 86 258 553 7 0 
-0 -96 128 453 7 0 
37 75 67 426 20 0 
-15 -86 161 409 20 0 
-11 23 233 559 17 0 
-55 -43 128 419 4 0 
-47 32 82 406 13 0 
-69 2 160 493 3 0 
-29 40 194 543 15 0 
-2 93 75 346 14 0 
-43 90 114 308 2 0 
88 11 223 479 23 0 
7 -98 195 404 18 0 
-54 -79 172 411 13 0 
-77 -43 233 516 8 0 
-84 81 100 373 12 0 
-2 -67 70 335 21 0 
50 78 82 290 6 0 
37 98 224 537 23 0 
-95 62 90 276 23 0 
-59 -6 95 384 18 0 
13 91 138 350 21 0 
-18 -60 134 456 19 0 
75 12 291 621 23 0 
-84 -86 225 577 17 0 
-40 -76 143 339 16 0 
97 61 218 449 1 0 
-58 -74 160 345 5 0 
57 84 159 389 23 0 
-76 -98 173 446 25 0 
-19 -16 105 403 15 0 
-56 -91 118 423 8 0 
61 -50 270 517 23 0 
41 -93 60 398 7 0 
0 68 170 397 13 0 
22 -12 126 324 3 0 
-49 -11 67 269 11 0 
82 -12 273 490 1 0 
-44 -24 198 465 5 0 
-23 -82 147 482 12 0 
-96 -68 146 462 8 0 
-0 -52 212 533 11 0 
77 22 82 263 25 0 
-65 0 202 532 13 0 
-53 -43 260 546 1 0 
-15 -57 285 499 14 0 
-51 -70 283 557 20 0 
-98 42 261 596 1 0 
-89 -62 241 590 13 0 
-81 -26 147 455 7 0 
-49 -87 261 495 24 0 
-12 42 254 439 25 0 
85 10 261 543 13 0 
-16 -37 160 464 18 0 
-39 93 235 486 24 0 
-67 -35 146 486 22 0 
28 83 172 366 16 0 
-51 43 225 530 23 0 
19 63 195 523 2 0 
5 32 154 353 16 0 
49 45 246 479 7 0 
-67 90 162 451 15 0 
-76 -17 259 490 8 0 
88 28 102 393 9 0 
11 -67 64 300 11 0 
67 -39 195 529 4 0 
74 -17 66 410 18 0 
-94 -31 158 348 5 0 
69 45 97 359 8 0 
-99 90 72 280 15 0 
2 -18 290 574 11 0 
-98 97 179 433 24 0 
-8 35 147 434 10 0 
-70 -56 283 479 24 0 
-8 -70 145 440 16 0 
-31 -20 107 328 18 0 
90 91 298 548 21 0 
-69 40 180 380 20 0 
35 -75 243 542 6 0 
-13 52 76 348 17 0 
-80 -18 230 525 17 0 
-49 62 70 337 7 0 
44 -84 122 321 17 0 
-79 -41 160 399 11 0 
44 -72 285 518 9 0 
38 52 106 306 20 0 
-67 -43 287 561 5 0 
87 70 78 407 15 0 
35 -5 60 317 25 0 
78 -87 91 387 6 0 
-69 -91 81 406 18 0 
86 -87 225 529 3 0 
-12 -80 122 445 13 0 
-38 -31 297 513 13 0 
-49 10 171 460 6 0 
10 41 284 465 13 0 
4 97 237 478 20 0 
62 74 247 561 8 0 
-37 95 223 570 23 0 
-31 84 219 550 14 0 
75 56 193 475 9 0 
-40 18 229 418 5 0 
77 18 201 478 19 0 
-10 59 286 474 15 0 
98 -65 265 618 1 0 
-52 -11 222 540 10 0 
-21 -95 125 317 18 0 
15 86 188 520 11 0 
19 -72 216 450 14 0 
-30 63 262 510 9 0 
58 -82 202 406 5 0 
-67 16 87 392 7 0 
-31 -79 218 541 19 0 
-86 97 145 444 19 0 
16 -10 290 534 2 0 
-57 81 71 355 24 0 
-78 40 63 316 1 0 
-86 -68 170 482 22 0 
13 16 82 402 14 0 
-91 48 267 532 14 0 
-15 -64 98 331 2 0 
-18 65 224 425 20 0 
-67 1 104 459 9 0 
-85 64 85 301 14 0 
-68 79 212 449 3 0 
43 75 176 525 12 0 
-53 73 275 625 7 0 
34 -35 259 474 2 0 
80 59 234 501 23 0 
-63 63 62 330 24 0 
89 87 225 505 12 0 
-0 96 126 308 22 0 
55 -97 107 464 5 0 
-44 -60 206 436 17 0 
41 -80 165 431 13 0 
-81 25 185 529 18 0 
-89 7 134 336 25 0 
-91 46 153 399 19 0 
-73 -65 66 258 13 0 
-25 -60 214 539 19 0 
-76 -90 81 361 15 0 
65 96 115 302 7 0 
-14 79 137 326 17 0 
30 -11 102 438 2 0 
45 56 81 411 14 0 
79 -65 178 460 5 0 
-80 99 96 404 23 0 
-61 56 62 296 10 0 
91 32 256 532 6 0 
-52 -46 282 520 24 0 
13 -77 92 351 4 0 
97 71 209 392 4 0 
33 -56 135 464 16 0 
-91 15 147 380 7 0 
3 46 83 328 13 0 
-56 87 292 650 22 0 
69 5 131 447 4 0 
80 -29 289 577 16 0 
22 -8 234 512 17 0 
-98 -5 282 494 6 0 
-92 17 153 428 22 0 
-64 -25 154 481 1 0 
5 53 149 415 3 0 
24 -81 124 400 13 0 
87 35 131 488 14 0 
75 -28 123 351 13 0 
-49 -43 263 443 22 0 
-31 84 77 331 24 0 
20 -14 241 568 3 0 
-89 85 277 605 1 0 
93 17 129 370 10 0 
57 39 117 434 23 0 
-68 -9 238 421 15 0 
-71 -36 230 446 5 0 
-14 89 276 580 24 0 
8 53 233 535 15 0 
60 37 125 355 11 0 
-98 -62 168 353 13 0 
-18 -64 296 538 11 0 
-54 -87 231 458 15 0 
-26 -94 250 604 22 0 
41 -70 170 480 14 0 
-8 45 260 561 9 0 
5 -69 107 466 17 0 
16 13 288 487 1 0 
-68 -37 164 348 22 0 
90 -12 73 414 21 0 
82 56 229 497 21 0 
-73 53 160 495 4 0 
86 51 211 394 9 0 
-38 -2 266 540 9 0 
-31 90 126 337 21 0 
-66 92 245 457 19 0 
-61 207 170 434 1 0 
-70 51 168 388 3 0 
-45 -37 80 383 7 0 
-29 -16 60 330 11 0 
0 14 248 451 14 0 
-50 -0 95 278 6 0 
-86 -40 248 458 25 0 
-56 -90 223 449 7 0 
-98 60 218 507 17 0 
16 -25 98 369 5 0 
-76 -6 161 382 5 0 
58 70 171 358 17 0 
-43 94 233 417 18 0 
-80 -67 258 563 10 0 
48 -82 109 407 23 0 
23 22 174 471 6 0 
-25 84 147 409 1 0 
90 23 275 616 9 0 
-49 76 71 330 17 0 
-74 16 221 480 14 0 
9 -64 227 475 6 0 
-39 17 165 371 22 0 
-0 21 124 462 3 0 
55 -50 91 333 1 0 
54 -37 202 458 21 0 
-73 29 125 370 12 0 
35 -82 62 373 23 0 
58 36 267 471 19 0 
-97 -67 177 421 16 0 
82 11 179 530 8 0 
27 -71 253 532 9 0 
-68 26 235 491 5 0 
-1 26 74 419 2 0 
18 -52 196 416 18 0 
-17 83 276 530 25 0 
78 30 92 281 22 0 
-81 79 194 382 7 0 
-81 74 282 520 9 0 
-47 -83 227 567 1 0 
-2 -72 243 491 17 0 
-16 99 138 401 16 0 
-49 -42 231 480 20 0 
77 -90 240 489 11 0 
-37 -84 82 425 18 0 
74 -48 93 440 4 0 
16 -18 277 584 3 0 
73 -39 247 574 21 0 
-21 84 166 460 8 0 
44 -25 0 
-32 14 0 
37 13 0 
-15 12 0 
32 24 0 
10 -42 0 
0 0 0 
36 200 0