74 -92 313 407 19 0 
-85 -41 347 525 3 0 
-19 73 63 194 19 0 
91 -78 449 551 25 0 
-58 -99 222 352 24 0 
-68 -99 456 623 6 0 
1 -12 68 163 10 0 
40 73 264 388 8 0 
62 -97 356 459 19 0 
-43 12 214 355 14 0 
98 -28 238 336 4 0 
14 -93 388 502 3 0 
-7 58 102 250 4 0 
86 -6 386 505 5 0 
-21 -82 280 405 10 0 
-50 -70 176 351 25 0 
14 30 177 317 15 0 
54 61 296 419 4 0 
14 -96 308 401 25 0 
66 77 212 307 13 0 
67 -99 231 374 4 0 
8 55 100 270 19 0 
-64 -5 429 603 25 0 
83 96 124 246 21 0 
10 51 406 530 24 0 
39 33 256 401 5 0 
-90 34 295 460 19 0 
68 47 228 372 24 0 
-34 40 150 325 24 0 
46 71 427 530 23 0 
-1 86 469 634 6 0 
74 87 216 361 25 0 
-12 90 115 234 12 0 
60 -67 163 335 25 0 
-4 30 422 557 18 0 
-28 -55 129 294 22 0 
61 1 327 495 20 0 
-98 24 102 195 23 0 
-69 31 258 356 5 0 
29 -79 64 209 4 0 
-86 25 360 451 22 0 
33 57 451 621 24 0 
-79 25 268 407 5 0 
80 -63 465 602 21 0 
57 25 228 406 1 0 
93 2 264 426 17 0 
94 -60 272 418 22 0 
47 24 174 339 14 0 
-50 82 318 439 12 0 
-89 95 348 481 4 0 
92 -40 419 595 23 0 
-0 -65 223 329 1 0 
-95 22 149 323 2 0 
52 -71 176 279 9 0 
-94 95 320 452 25 0 
-85 -70 255 382 7 0 
-18 73 240 336 22 0 
37 -26 271 388 2 0 
-16 -9 145 268 9 0 
73 79 249 386 15 0 
57 -63 99 207 9 0 
-82 69 367 547 8 0 
47 81 370 516 5 0 
-40 77 442 606 1 0 
-84 12 335 455 20 0 
-86 -0 115 257 23 0 
-78 8 441 594 5 0 
90 91 177 326 2 0 
-41 35 184 316 17 0 
93 -40 174 284 11 0 
48 81 256 375 12 0 
69 82 75 196 11 0 
53 -73 72 167 18 0 
-82 -47 63 176 14 0 
-10 91 308 452 10 0 
-85 53 306 406 14 0 
40 -53 143 279 13 0 
90 69 383 541 25 0 
33 -2 466 563 12 0 
-37 -94 372 483 18 0 
-83 60 413 545 5 0 
-36 -74 78 241 23 0 
42 44 313 421 22 0 
65 -61 131 242 22 0 
80 7 130 304 25 0 
24 56 178 344 12 0 
25 -85 366 485 4 0 
96 -23 400 502 20 0 
15 -78 202 322 13 0 
-5 98 394 533 3 0 
8 47 183 314 20 0 
93 -56 62 210 12 0 
-67 67 291 413 2 0 
14 17 471 601 21 0 
65 -55 110 255 24 0 
40 4 259 411 7 0 
-71 78 362 509 6 0 
10 98 388 553 25 0 
55 79 87 216 3 0 
-71 -25 126 280 23 0 
-68 27 265 437 7 0 
-33 -68 95 224 6 0 
48 -88 235 341 23 0 
85 36 116 290 18 0 
20 -63 166 316 7 0 
-70 -93 143 250 5 0 
-19 18 325 471 11 0 
69 -88 176 339 14 0 
-59 56 274 412 24 0 
-79 44 287 456 5 0 
3 -85 114 223 14 0 
-33 -54 174 332 22 0 
-57 95 128 304 24 0 
-80 8 260 386 7 0 
-62 24 271 398 6 0 
65 -42 197 373 5 0 
-24 -86 340 512 20 0 
43 35 84 232 22 0 
-76 57 464 614 23 0 
36 -91 236 397 5 0 
74 46 367 522 23 0 
-22 23 112 249 2 0 
-68 -10 267 369 5 0 
55 -6 453 583 2 0 
29 26 258 387 20 0 
34 -51 117 269 17 0 
-15 -99 96 238 3 0 
30 68 177 322 9 0 
-67 -22 284 433 4 0 
-74 66 110 259 25 0 
35 56 438 528 5 0 
20 -31 476 622 15 0 
-91 -16 339 450 6 0 
-46 -65 370 487 20 0 
-35 83 427 606 23 0 
60 -12 112 285 9 0 
97 -55 63 167 9 0 
81 -42 69 233 6 0 
-60 -52 216 343 5 0 
-53 82 152 247 10 0 
-68 77 251 406 17 0 
-23 63 260 399 19 0 
44 -31 398 520 18 0 
-41 -98 102 213 18 0 
-95 -76 365 504 23 0 
-65 -27 418 585 18 0 
65 -46 315 446 19 0 
89 90 448 590 10 0 
95 -78 241 369 10 0 
-22 56 349 480 8 0 
95 79 78 199 8 0 
-0 49 330 505 15 0 
69 -43 104 284 5 0 
81 -75 111 244 9 0 
-33 -98 226 355 24 0 
56 22 307 408 11 0 
-41 70 228 372 25 0 
9 46 462 618 11 0 
85 -79 256 408 25 0 
97 -29 371 543 20 0 
40 72 69 162 24 0 
99 91 381 523 20 0 
21 30 428 601 1 0 
-36 19 418 541 3 0 
-61 36 110 253 17 0 
-88 -29 110 248 21 0 
38 5 351 526 15 0 
46 0 428 572 7 0 
92 40 324 414 21 0 
-90 0 462 635 7 0 
90 -20 127 294 16 0 
43 -25 197 319 12 0 
50 89 186 319 8 0 
97 68 232 374 21 0 
-21 -92 223 318 2 0 
89 62 431 580 23 0 
-86 -73 250 354 23 0 
-99 42 210 368 14 0 
-32 68 317 480 8 0 
44 -58 424 531 6 0 
52 -16 186 344 9 0 
7 -79 428 539 6 0 
-51 98 411 549 4 0 
68 -24 342 474 1 0 
-70 14 357 499 3 0 
92 -32 480 587 6 0 
-67 -85 300 464 6 0 
-18 40 202 294 4 0 
28 16 246 364 12 0 
99 -40 208 328 6 0 
31 -88 348 494 12 0 
41 -48 451 619 9 0 
-85 74 418 568 16 0 
-50 -41 385 514 12 0 
15 89 162 283 22 0 
-20 -3 460 627 13 0 
30 88 377 552 24 0 
64 69 465 601 9 0 
20 12 335 443 6 0 
-58 -78 442 565 9 0 
-0 -91 105 268 9 0 
-23 -88 275 409 13 0 
82 73 77 220 23 0 
-74 -46 276 414 21 0 
78 2 389 537 23 0 
-84 -17 251 406 17 0 
-26 -69 422 599 2 0 
-52 74 62 214 22 0 
88 -96 301 433 1 0 
49 73 123 226 7 0 
73 -90 384 519 1 0 
-99 -35 175 323 13 0 
-5 73 408 572 13 0 
-27 29 136 267 23 0 
-16 63 440 545 6 0 
-74 22 361 472 12 0 
37 -36 247 422 10 0 
92 -88 477 587 10 0 
-84 65 216 358 19 0 
28 97 293 468 14 0 
50 -50 466 617 10 0 
92 -20 217 375 23 0 
-69 61 72 211 5 0 
-77 17 147 323 14 0 
-72 -26 335 496 25 0 
65 -71 73 235 17 0 
80 17 311 473 6 0 
65 -18 215 307 22 0 
31 67 111 289 4 0 
21 74 327 425 1 0 
-27 90 420 519 19 0 
-89 -64 325 500 6 0 
37 11 471 586 5 0 
-45 -65 75 187 22 0 
-94 88 452 565 22 0 
-60 -64 179 331 15 0 
-77 -87 62 231 16 0 
30 25 118 269 5 0 
88 73 406 504 14 0 
1 -66 429 523 18 0 
98 -40 402 542 22 0 
-65 97 236 344 16 0 
-27 -71 119 246 21 0 
-38 -0 96 211 25 0 
79 71 326 457 11 0 
68 51 142 253 19 0 
-32 67 278 376 8 0 
-77 23 130 246 10 0 
64 34 257 371 13 0 
-85 -83 154 330 7 0 
-22 94 457 623 1 0 
-98 -68 181 323 10 0 
-3 -61 472 595 22 0 
2 20 219 363 7 0 
74 35 178 336 21 0 
3 -45 327 473 24 0 
74 -65 221 345 25 0 
-38 3 129 273 8 0 
89 -8 130 257 7 0 
-45 -47 372 523 17 0 
-92 -62 389 518 12 0 
16 63 320 487 6 0 
94 85 236 379 20 0 
35 -94 371 536 3 0 
27 -99 260 435 22 0 
-21 -43 331 508 12 0 
-7 36 325 447 15 0 
-49 51 77 179 7 0 
73 -3 476 651 21 0 
-64 -37 217 366 15 0 
28 -31 262 411 14 0 
-95 -65 128 228 21 0 
-64 -4 461 615 3 0 
-2 -86 111 244 7 0 
-72 -39 455 565 16 0 
-61 17 263 420 25 0 
54 92 371 536 18 0 
-71 87 339 496 25 0 
9 82 475 593 10 0 
-61 40 99 208 21 0 
-37 -4 355 490 15 0 
29 74 381 477 12 0 
95 8 373 515 6 0 
13 55 353 500 18 0 
-54 97 430 576 22 0 
23 57 177 280 17 0 
-92 -7 78 177 7 0 
-3 22 268 385 12 0 
47 -42 377 469 12 0 
-58 -69 199 355 25 0 
-43 -98 214 327 20 0 
30 -90 172 283 15 0 
-22 8 246 413 15 0 
-75 38 213 386 17 0 
68 -54 206 338 13 0 
-7 -72 76 174 23 0 
40 14 263 380 18 0 
-11 98 242 386 5 0 
-53 -0 158 333 12 0 
-63 -61 334 469 12 0 
22 -87 64 196 19 0 
83 -94 341 481 3 0 
-52 5 411 541 25 0 
34 42 434 607 15 0 
-93 -46 62 241 16 0 
-19 66 80 250 14 0 
-56 71 148 294 7 0 
-91 -5 119 219 10 0 
66 -1 440 587 5 0 
70 34 347 493 2 0 
86 81 354 448 5 0 
58 67 62 225 1 0 
-68 -4 190 316 22 0 
87 -9 427 550 9 0 
-23 -50 427 563 21 0 
35 13 431 576 25 0 
47 -84 473 630 6 0 
35 -59 235 393 7 0 
-71 -69 455 580 5 0 
64 78 94 263 8 0 
40 -48 227 384 7 0 
-3 -65 73 249 11 0 
-27 -98 443 583 21 0 
-46 -78 93 229 20 0 
53 78 396 566 7 0 
73 68 189 285 9 0 
-99 76 297 463 17 0 
-35 98 334 475 16 0 
-46 63 195 329 6 0 
27 96 302 429 14 0 
-31 -31 387 559 10 0 
72 36 368 517 15 0 
70 14 333 453 9 0 
41 -31 353 483 22 0 
-54 -93 189 321 17 0 
31 56 145 300 10 0 
27 -69 462 607 25 0 
93 -58 292 471 20 0 
-52 -9 239 374 2 0 
16 -19 435 579 2 0 
-23 -45 278 420 6 0 
47 -2 126 265 12 0 
-71 84 399 505 3 0 
42 44 216 356 17 0 
90 6 290 453 19 0 
94 -14 319 435 17 0 
96 -62 121 222 6 0 
32 32 174 296 21 0 
95 -74 157 322 9 0 
73 15 315 409 23 0 
17 29 472 584 6 0 
-90 -23 140 278 16 0 
-58 82 470 615 3 0 
-94 -26 101 260 10 0 
-87 0 98 203 22 0 
-24 -99 346 473 20 0 
1 57 336 466 18 0 
81 -98 62 214 4 0 
-30 -77 295 472 17 0 
-28 -86 442 583 12 0 
2 4 0 
21 -8 0 
-43 -18 0 
-10 -37 0 
35 -14 0 
-32 -39 0 
0 0 0 
42 200 0