74 -92 102 232 2 0 
-85 -41 393 552 20 0 
-19 73 309 437 19 0 
91 -78 344 510 4 0 
-58 -99 207 325 6 0 
-68 -99 386 499 11 0 
1 -12 203 357 11 0 
40 73 186 330 9 0 
62 -97 161 257 24 0 
-43 12 325 447 21 0 
98 -28 312 435 13 0 
14 -93 477 649 24 0 
-7 58 79 203 16 0 
86 -6 461 565 19 0 
-21 -82 221 333 13 0 
-50 -70 432 534 13 0 
14 30 464 615 21 0 
54 61 246 420 4 0 
14 -96 469 574 17 0 
66 77 138 282 14 0 
67 -99 107 232 14 0 
8 55 242 351 20 0 
-64 -5 249 342 17 0 
83 96 320 452 14 0 
10 51 267 405 14 0 
39 33 479 577 7 0 
-90 34 253 425 6 0 
68 47 255 365 12 0 
-34 40 254 351 25 0 
46 71 334 511 4 0 
-1 86 425 562 14 0 
74 87 208 358 19 0 
-12 90 138 275 22 0 
60 -67 116 278 16 0 
-4 30 376 523 8 0 
-28 -55 107 235 2 0 
61 1 345 500 21 0 
-98 24 312 474 22 0 
-69 31 74 192 14 0 
29 -79 66 158 19 0 
-86 25 115 248 16 0 
33 57 322 415 12 0 
-79 25 167 295 16 0 
80 -63 129 293 10 0 
57 25 151 319 25 0 
93 2 206 308 1 0 
94 -60 404 530 1 0 
47 24 338 445 17 0 
-50 82 441 557 25 0 
-89 95 471 583 7 0 
92 -40 230 327 15 0 
-0 -65 130 240 4 0 
-95 22 366 477 11 0 
52 -71 401 573 7 0 
-94 95 83 241 22 0 
-85 -70 218 357 4 0 
-18 73 365 536 20 0 
37 -26 194 338 11 0 
-16 -9 88 220 23 0 
73 79 332 439 24 0 
57 -63 198 369 18 0 
-82 69 156 250 21 0 
47 81 79 225 16 0 
-40 77 398 535 6 0 
-84 12 369 497 24 0 
-86 -0 104 249 20 0 
-78 8 430 589 12 0 
90 91 415 509 13 0 
-41 35 340 453 4 0 
93 -40 389 569 14 0 
48 81 260 403 16 0 
69 82 208 319 22 0 
53 -73 292 421 25 0 
-82 -47 438 535 19 0 
-10 91 61 152 16 0 
-85 53 365 462 22 0 
40 -53 177 277 7 0 
90 69 125 273 3 0 
33 -2 302 474 8 0 
-37 -94 112 262 10 0 
-83 60 120 264 10 0 
-36 -74 343 487 10 0 
42 44 232 412 14 0 
65 -61 276 447 3 0 
80 7 451 580 24 0 
24 56 394 508 9 0 
25 -85 208 336 14 0 
96 -23 324 447 19 0 
15 -78 269 434 14 0 
-5 98 243 419 20 0 
8 47 175 315 14 0 
93 -56 454 557 1 0 
-67 67 160 311 25 0 
14 17 188 328 24 0 
65 -55 100 199 3 0 
40 4 247 402 12 0 
-71 78 239 336 19 0 
10 98 307 426 19 0 
55 79 82 175 13 0 
-71 -25 275 426 2 0 
-68 27 452 570 21 0 
-33 -68 176 296 5 0 
48 -88 367 489 20 0 
85 36 340 436 16 0 
20 -63 444 548 21 0 
-70 -93 244 405 14 0 
-19 18 161 322 15 0 
69 -88 450 572 6 0 
-59 56 432 592 3 0 
-79 44 71 166 17 0 
3 -85 84 257 6 0 
-33 -54 126 216 22 0 
-57 95 339 447 20 0 
-80 8 452 596 2 0 
-62 24 194 358 7 0 
65 -42 279 435 4 0 
-24 -86 77 188 13 0 
43 35 230 361 24 0 
-76 57 449 607 4 0 
36 -91 183 320 1 0 
74 46 466 599 11 0 
-22 23 428 596 18 0 
-68 -10 433 556 8 0 
55 -6 364 534 25 0 
29 26 473 635 4 0 
34 -51 414 571 6 0 
-15 -99 459 564 4 0 
30 68 313 405 21 0 
-67 -22 419 544 13 0 
-74 66 326 494 21 0 
35 56 340 430 1 0 
20 -31 111 211 5 0 
-91 -16 278 374 16 0 
-46 -65 427 549 15 0 
-35 83 149 326 6 0 
60 -12 254 354 21 0 
97 -55 93 269 10 0 
81 -42 81 217 9 0 
-60 -52 102 214 25 0 
-53 82 92 268 14 0 
-68 77 406 563 3 0 
-23 63 275 427 3 0 
44 -31 451 562 17 0 
-41 -98 250 408 15 0 
-95 -76 235 409 6 0 
-65 -27 465 628 4 0 
65 -46 110 225 8 0 
89 90 239 406 19 0 
95 -78 389 549 24 0 
-22 56 302 430 5 0 
95 79 396 535 8 0 
-0 49 139 279 20 0 
69 -43 178 316 14 0 
81 -75 409 515 3 0 
-33 -98 401 560 21 0 
56 22 402 519 14 0 
-41 70 290 396 14 0 
9 46 251 370 5 0 
85 -79 149 266 16 0 
97 -29 171 303 15 0 
40 72 330 501 14 0 
99 91 436 554 7 0 
21 30 245 391 6 0 
-36 19 152 326 15 0 
-61 36 193 326 4 0 
-88 -29 79 259 18 0 
38 5 259 365 15 0 
46 0 334 468 19 0 
92 40 391 540 21 0 
-90 0 232 380 12 0 
90 -20 421 592 14 0 
43 -25 238 370 2 0 
50 89 102 213 16 0 
97 68 82 230 1 0 
-21 -92 164 273 13 0 
89 62 218 380 9 0 
-86 -73 218 324 16 0 
-99 42 121 252 17 0 
-32 68 84 232 7 0 
44 -58 226 369 21 0 
52 -16 283 396 9 0 
7 -79 222 355 1 0 
-51 98 176 339 22 0 
68 -24 386 511 23 0 
-70 14 156 262 5 0 
92 -32 347 488 22 0 
-67 -85 82 182 25 0 
-18 40 338 507 2 0 
28 16 456 620 5 0 
99 -40 403 577 25 0 
31 -88 259 366 19 0 
41 -48 476 579 1 0 
-85 74 129 292 7 0 
-50 -41 231 332 16 0 
15 89 128 267 25 0 
-20 -3 468 617 3 0 
30 88 334 481 24 0 
64 69 300 427 23 0 
20 12 170 304 8 0 
-58 -78 251 375 1 0 
-0 -91 142 262 6 0 
-23 -88 468 585 24 0 
82 73 256 409 17 0 
-74 -46 300 436 22 0 
78 2 373 480 15 0 
-84 -17 295 431 21 0 
-26 -69 205 368 9 0 
-52 74 141 295 23 0 
88 -96 228 397 5 0 
49 73 451 609 22 0 
73 -90 343 437 18 0 
-99 -35 138 315 5 0 
-5 73 437 551 10 0 
-27 29 324 428 12 0 
-16 63 192 353 19 0 
-74 22 288 379 17 0 
37 -36 385 515 21 0 
92 -88 118 236 11 0 
-84 65 233 346 9 0 
28 97 418 515 11 0 
50 -50 428 573 15 0 
92 -20 69 221 14 0 
-69 61 283 410 13 0 
-77 17 108 264 12 0 
-72 -26 303 451 5 0 
65 -71 160 259 16 0 
80 17 266 439 18 0 
65 -18 201 343 7 0 
31 67 269 378 6 0 
21 74 219 351 23 0 
-27 90 260 378 7 0 
-89 -64 82 242 5 0 
37 11 370 507 15 0 
-45 -65 373 540 17 0 
-94 88 62 157 14 0 
-60 -64 128 227 7 0 
-77 -87 182 351 16 0 
30 25 149 285 18 0 
88 73 191 369 15 0 
1 -66 346 485 21 0 
98 -40 122 295 13 0 
-65 97 253 415 3 0 
-27 -71 401 537 6 0 
-38 -0 315 486 22 0 
79 71 188 333 14 0 
68 51 253 422 13 0 
-32 67 226 401 12 0 
-77 23 428 542 11 0 
64 34 427 590 13 0 
-85 -83 230 358 12 0 
-22 94 393 521 12 0 
-98 -68 475 579 16 0 
-3 -61 200 329 19 0 
2 20 413 587 8 0 
74 35 420 578 5 0 
3 -45 205 315 8 0 
74 -65 250 350 14 0 
-38 3 321 420 7 0 
89 -8 157 330 21 0 
-45 -47 190 281 3 0 
-92 -62 158 310 8 0 
16 63 281 389 2 0 
94 85 184 342 22 0 
35 -94 60 190 1 0 
27 -99 275 435 12 0 
-21 -43 288 440 20 0 
-7 36 253 364 23 0 
-49 51 423 564 12 0 
73 -3 465 594 18 0 
-64 -37 445 541 5 0 
28 -31 316 408 6 0 
-95 -65 237 335 12 0 
-64 -4 239 334 11 0 
-2 -86 459 568 2 0 
-72 -39 231 394 24 0 
-61 17 189 348 21 0 
54 92 82 250 19 0 
-71 87 136 231 20 0 
9 82 274 381 14 0 
-61 40 444 578 3 0 
-37 -4 130 281 19 0 
29 74 258 382 12 0 
95 8 207 354 3 0 
13 55 396 571 25 0 
-54 97 95 217 21 0 
23 57 148 271 5 0 
-92 -7 309 435 15 0 
-3 22 209 352 19 0 
47 -42 170 329 25 0 
-58 -69 338 518 25 0 
-43 -98 471 575 11 0 
30 -90 414 560 13 0 
-22 8 76 192 13 0 
-75 38 463 555 5 0 
68 -54 457 588 1 0 
-7 -72 60 178 1 0 
40 14 435 583 14 0 
-11 98 384 555 25 0 
-53 -0 221 376 11 0 
-63 -61 78 226 10 0 
22 -87 386 516 14 0 
83 -94 410 532 22 0 
-52 5 386 503 13 0 
34 42 99 246 7 0 
-93 -46 322 420 3 0 
-19 66 88 208 21 0 
-56 71 421 564 5 0 
-91 -5 405 548 10 0 
66 -1 450 576 8 0 
70 34 182 296 19 0 
86 81 391 518 20 0 
58 67 226 324 23 0 
-68 -4 232 387 3 0 
87 -9 184 355 19 0 
-23 -50 459 634 18 0 
35 13 460 551 18 0 
47 -84 154 332 7 0 
35 -59 474 604 25 0 
-71 -69 422 516 16 0 
64 78 113 207 13 0 
40 -48 412 542 17 0 
-3 -65 390 499 4 0 
-27 -98 478 581 15 0 
-46 -78 230 398 24 0 
53 78 418 570 1 0 
73 68 350 449 1 0 
-99 76 314 462 14 0 
-35 98 363 521 17 0 
-46 63 284 422 6 0 
27 96 258 409 6 0 
-31 -31 255 397 24 0 
72 36 480 596 13 0 
70 14 390 518 23 0 
41 -31 334 431 9 0 
-54 -93 459 559 25 0 
31 56 423 553 8 0 
27 -69 424 560 1 0 
93 -58 107 222 5 0 
-52 -9 156 289 9 0 
16 -19 425 580 12 0 
-23 -45 357 482 12 0 
47 -2 331 454 7 0 
-71 84 373 552 19 0 
42 44 399 568 17 0 
90 6 290 401 20 0 
94 -14 143 305 1 0 
96 -62 322 479 14 0 
32 32 334 438 18 0 
95 -74 362 510 10 0 
73 15 299 412 21 0 
17 29 427 606 14 0 
-90 -23 437 545 8 0 
-58 82 96 258 18 0 
-94 -26 312 470 8 0 
-87 0 123 275 1 0 
-24 -99 458 560 23 0 
1 57 107 229 1 0 
81 -98 256 422 19 0 
-30 -77 69 214 23 0 
-28 -86 225 374 8 0 
34 36 102 274 24 0 
-9 -11 102 270 15 0 
-74 -84 98 221 6 0 
29 4 349 457 5 0 
90 7 75 214 11 0 
-35 -50 350 491 8 0 
-83 -7 378 522 24 0 
44 17 437 596 6 0 
15 90 190 299 23 0 
93 -24 308 435 1 0 
-79 -27 385 540 7 0 
61 -49 463 561 5 0 
49 -32 450 629 1 0 
-33 15 107 218 9 0 
78 -75 327 454 12 0 
91 -93 464 644 15 0 
-20 36 97 201 25 0 
-32 -71 416 576 10 0 
-74 25 272 432 19 0 
68 92 109 264 8 0 
63 88 232 378 9 0 
-31 -75 182 310 25 0 
2 65 142 319 19 0 
46 62 184 360 22 0 
43 14 272 398 21 0 
-30 58 343 449 23 0 
-76 52 248 425 16 0 
26 -79 374 534 23 0 
-54 -94 90 187 7 0 
-69 16 260 391 15 0 
-95 15 217 359 5 0 
-96 -59 218 376 19 0 
10 60 74 253 3 0 
86 52 157 273 21 0 
46 40 385 479 12 0 
42 35 329 457 12 0 
-4 82 210 307 7 0 
90 77 251 411 3 0 
81 66 194 288 6 0 
-95 84 242 359 24 0 
-24 10 231 371 6 0 
10 -69 407 500 3 0 
69 -92 340 478 15 0 
81 82 424 559 7 0 
-91 57 156 276 9 0 
-59 78 126 246 18 0 
7 -93 360 474 21 0 
-50 94 303 470 20 0 
86 -93 340 498 24 0 
53 80 295 430 7 0 
26 90 311 440 10 0 
-63 -89 75 190 3 0 
-91 91 118 232 12 0 
-85 -83 274 397 10 0 
-67 70 200 302 3 0 
-94 18 420 519 18 0 
-44 72 303 468 16 0 
-85 24 67 196 25 0 
56 -19 419 564 19 0 
-74 -61 136 260 18 0 
-19 74 155 309 1 0 
-8 -73 95 233 14 0 
-62 91 263 391 19 0 
-51 -9 364 500 18 0 
-10 21 87 180 18 0 
-33 22 256 379 18 0 
76 66 401 553 11 0 
-94 -59 274 378 20 0 
-12 34 63 237 19 0 
-38 -9 382 492 18 0 
45 -46 383 540 1 0 
-18 53 352 460 4 0 
36 -84 374 508 7 0 
-14 84 242 382 8 0 
-48 -72 234 403 1 0 
-2 -46 444 571 15 0 
-90 -94 360 484 6 0 
-41 10 279 386 25 0 
75 -14 156 263 2 0 
17 70 105 215 6 0 
86 -22 352 521 4 0 
-55 -62 421 539 2 0 
-29 9 113 288 22 0 
80 -94 466 629 13 0 
78 24 354 498 25 0 
84 -0 237 393 25 0 
-36 -71 391 561 4 0 
-30 -71 146 276 13 0 
-75 17 310 454 14 0 
-90 -89 302 477 17 0 
-16 11 396 569 15 0 
61 45 451 543 8 0 
84 -44 410 514 16 0 
-78 73 130 272 25 0 
-38 -54 196 351 4 0 
-44 55 228 346 23 0 
10 59 111 241 3 0 
-54 28 199 358 11 0 
58 -65 264 411 13 0 
-63 56 194 296 8 0 
-42 81 221 318 7 0 
66 16 110 217 5 0 
-95 -48 396 511 13 0 
-81 -59 236 345 13 0 
-87 65 442 574 1 0 
-27 88 238 410 1 0 
-79 -35 80 227 18 0 
-18 82 213 313 13 0 
53 -80 229 361 25 0 
78 62 95 239 14 0 
-93 84 266 393 20 0 
-81 48 415 545 10 0 
73 67 304 407 24 0 
-85 75 136 278 25 0 
14 -93 285 390 9 0 
-18 -75 331 501 16 0 
-81 34 133 284 19 0 
15 -94 263 406 3 0 
6 49 214 337 18 0 
43 54 110 286 21 0 
58 41 180 307 6 0 
-92 -88 258 416 10 0 
-11 73 264 379 22 0 
46 59 257 393 14 0 
-64 25 397 505 5 0 
96 99 466 620 25 0 
48 -66 349 489 15 0 
98 5 393 507 11 0 
22 17 100 227 7 0 
-51 72 205 366 13 0 
20 5 76 199 10 0 
-56 96 136 245 18 0 
-38 54 277 391 25 0 
-85 69 157 253 24 0 
76 -14 129 275 21 0 
-27 -64 290 417 2 0 
-22 56 257 357 19 0 
28 98 225 331 23 0 
55 -80 356 520 9 0 
-45 -5 139 252 9 0 
75 -40 305 399 11 0 
-83 60 72 189 20 0 
11 22 466 631 24 0 
-17 -53 383 539 16 0 
69 -68 454 564 2 0 
17 -26 302 400 19 0 
96 -54 146 239 10 0 
-6 60 119 239 3 0 
95 20 428 556 7 0 
-37 67 434 553 7 0 
5 -43 128 292 22 0 
83 -48 220 349 4 0 
37 -67 162 284 1 0 
-58 -52 190 342 22 0 
65 35 439 606 3 0 
-15 -97 353 471 2 0 
29 29 271 448 16 0 
62 40 399 499 25 0 
27 56 228 331 24 0 
26 64 456 549 2 0 
2 4 0 
21 -8 0 
-43 -18 0 
-10 -37 0 
35 -14 0 
-32 -39 0 
0 0 0 
60 190 0