74 2 108 335 23 0 
-28 -17 113 322 5 0 
-50 39 112 378 22 0 
79 82 189 499 14 0 
61 -53 101 284 15 0 
-63 -22 276 626 13 0 
75 -69 98 335 20 0 
22 -83 200 544 21 0 
-86 -27 298 649 21 0 
-81 -39 237 565 21 0 
19 24 212 522 5 0 
-63 16 62 278 3 0 
96 -67 256 465 8 0 
46 82 107 338 13 0 
94 -93 87 401 20 0 
70 83 157 355 7 0 
8 -97 116 423 13 0 
84 83 232 538 15 0 
-31 -53 275 462 14 0 
-76 -30 268 595 11 0 
98 24 193 523 5 0 
72 -61 178 530 23 0 
-52 -54 148 459 7 0 
-82 -24 111 381 24 0 
-34 -7 144 492 3 0 
12 49 70 422 9 0 
65 32 251 547 21 0 
-49 -60 192 382 20 0 
-89 -7 283 510 16 0 
79 34 205 565 9 0 
-92 13 66 271 6 0 
-22 634 231 530 1 0 
57 78 240 573 21 0 
-91 -57 158 494 15 0 
-17 -57 197 417 22 0 
98 74 281 618 24 0 
80 -34 186 401 2 0 
-81 63 71 359 25 0 
72 -98 200 469 5 0 
-96 72 265 458 20 0 
19 83 206 514 9 0 
-95 32 113 303 17 0 
32 -65 164 361 2 0 
-59 49 84 407 19 0 
-21 -62 229 477 23 0 
-51 -88 211 543 13 0 
24 -77 260 600 23 0 
-83 88 184 414 6 0 
50 -81 106 371 21 0 
-49 11 233 524 2 0 
-64 -42 104 425 12 0 
51 32 119 335 11 0 
78 5 96 335 3 0 
49 95 280 573 19 0 
12 -5 253 527 4 0 
-18 68 201 469 17 0 
0 -24 250 604 9 0 
92 -82 249 453 3 0 
92 -12 124 458 14 0 
87 -81 171 479 18 0 
12 35 96 334 16 0 
94 -55 215 434 16 0 
-73 62 297 622 23 0 
77 -47 293 481 18 0 
-50 -72 155 407 21 0 
-88 11 185 371 3 0 
-98 -98 102 355 6 0 
-80 14 105 339 18 0 
-40 -34 252 542 9 0 
18 45 150 390 16 0 
-33 -26 180 462 2 0 
-0 24 251 448 16 0 
71 -76 95 330 9 0 
-93 -8 171 466 8 0 
-62 36 79 386 12 0 
33 -24 204 438 10 0 
-97 -51 288 498 17 0 
-77 -69 172 388 24 0 
-66 -92 189 414 17 0 
29 75 175 387 22 0 
-43 98 171 352 15 0 
-13 -77 159 507 17 0 
-29 -73 243 556 15 0 
-59 79 123 358 24 0 
63 81 205 442 25 0 
89 -76 109 317 9 0 
25 -63 203 521 15 0 
87 72 202 412 16 0 
60 -44 127 427 12 0 
-23 91 226 519 20 0 
40 89 159 370 14 0 
-75 -17 126 331 11 0 
73 75 95 400 13 0 
-74 86 170 500 13 0 
-37 -84 178 476 10 0 
19 -7 86 332 16 0 
50 81 191 491 6 0 
-73 -59 92 390 22 0 
-28 -93 192 519 12 0 
-19 57 98 323 25 0 
19 -91 82 271 7 0 
47 -84 199 423 1 0 
-16 69 152 499 6 0 
-18 33 63 287 18 0 
-67 91 71 266 22 0 
28 73 137 354 21 0 
44 -84 124 377 1 0 
8 -9 67 361 2 0 
-60 -13 241 535 25 0 
-52 -32 160 507 5 0 
-23 -46 115 393 4 0 
16 -65 229 446 3 0 
83 -63 60 354 10 0 
-60 -81 286 554 13 0 
-51 -69 75 259 19 0 
-15 -87 98 410 8 0 
97 54 265 550 9 0 
65 -79 233 440 4 0 
-43 74 119 429 23 0 
60 86 258 547 23 0 
-0 -96 83 321 11 0 
37 75 245 546 16 0 
-15 -86 87 291 5 0 
-11 23 275 588 6 0 
-55 -43 244 436 23 0 
-47 32 105 441 5 0 
-69 2 150 498 22 0 
-29 40 158 500 9 0 
-2 93 210 408 12 0 
-43 90 257 488 19 0 
88 11 90 332 4 0 
7 -98 147 470 18 0 
-54 -79 136 337 25 0 
-77 -43 195 507 13 0 
-84 81 292 606 1 0 
-2 -67 285 579 19 0 
50 78 255 541 16 0 
37 98 268 603 1 0 
-95 62 103 373 24 0 
-59 -6 270 603 20 0 
13 91 142 418 18 0 
-18 -60 173 386 18 0 
75 12 221 491 14 0 
-84 -86 125 416 19 0 
-40 -76 113 342 3 0 
97 61 132 476 23 0 
-58 -74 263 596 15 0 
57 84 247 574 10 0 
-76 -98 109 382 9 0 
-19 -16 233 592 16 0 
-56 -91 92 408 17 0 
61 -50 107 296 1 0 
41 -93 93 434 12 0 
0 68 146 381 6 0 
22 -12 264 505 8 0 
-49 -11 78 324 25 0 
82 -12 253 516 15 0 
-44 -24 266 619 1 0 
-23 -82 240 497 1 0 
-96 -68 69 429 7 0 
-0 -52 297 604 14 0 
77 22 154 356 4 0 
-65 0 160 500 10 0 
-53 -43 62 399 14 0 
-15 -57 162 437 12 0 
-51 -70 264 488 19 0 
-98 42 64 319 4 0 
-89 -62 103 427 15 0 
-81 -26 155 422 7 0 
-49 -87 260 459 2 0 
-12 42 199 505 11 0 
85 10 149 503 13 0 
-16 -37 153 372 5 0 
-39 93 261 454 23 0 
-67 -35 187 407 18 0 
28 83 142 487 24 0 
-51 43 102 369 6 0 
19 63 261 568 1 0 
5 32 239 458 3 0 
49 45 221 561 24 0 
-67 90 198 475 2 0 
-76 -17 122 332 9 0 
88 28 191 437 7 0 
11 -67 190 485 2 0 
67 -39 278 559 6 0 
74 -17 204 432 6 0 
-94 -31 73 391 20 0 
69 45 221 480 6 0 
-99 90 278 468 13 0 
2 -18 242 452 21 0 
-98 97 228 554 13 0 
-8 35 94 450 6 0 
-70 -56 296 531 19 0 
-8 -70 92 409 9 0 
-31 -20 300 480 3 0 
90 91 280 486 15 0 
-69 40 225 457 19 0 
35 -75 273 482 21 0 
-13 52 296 523 3 0 
-80 -18 66 332 9 0 
-49 62 86 364 15 0 
44 -84 293 563 12 0 
-79 -41 250 596 24 0 
44 -72 216 542 6 0 
38 52 149 341 3 0 
-67 -43 105 462 22 0 
87 70 181 504 24 0 
35 -5 110 461 6 0 
78 -87 184 486 7 0 
-69 -91 268 608 15 0 
86 -87 220 545 1 0 
-12 -80 83 374 5 0 
-38 -31 196 418 21 0 
-49 10 87 325 4 0 
10 41 208 567 24 0 
4 97 254 507 20 0 
62 74 247 510 4 0 
-37 95 242 508 22 0 
-31 84 231 413 24 0 
75 56 189 370 24 0 
-40 18 215 526 20 0 
77 18 239 554 14 0 
-10 59 211 393 17 0 
98 -65 131 442 18 0 
-52 -11 248 528 10 0 
-21 -95 178 377 19 0 
15 86 89 321 6 0 
19 -72 158 410 12 0 
-30 63 110 374 12 0 
58 -82 253 552 24 0 
-67 16 80 342 25 0 
-31 -79 140 425 15 0 
-86 97 262 591 6 0 
16 -10 64 361 6 0 
-57 81 187 405 7 0 
-78 40 113 439 23 0 
-86 -68 187 382 2 0 
13 16 108 403 4 0 
-91 48 110 366 10 0 
-15 -64 90 444 1 0 
-18 65 139 490 23 0 
-67 1 102 382 2 0 
-85 64 271 549 6 0 
-68 79 290 643 3 0 
43 75 181 486 16 0 
-53 73 141 400 1 0 
34 -35 218 408 17 0 
80 59 180 489 14 0 
-63 63 169 470 24 0 
89 87 168 504 3 0 
-0 96 202 527 24 0 
55 -97 227 407 17 0 
-44 -60 232 585 6 0 
41 -80 238 529 1 0 
-81 25 237 518 23 0 
-89 7 148 451 7 0 
-91 46 290 549 12 0 
-73 -65 232 497 20 0 
-25 -60 193 453 11 0 
-76 -90 224 531 2 0 
65 96 106 297 6 0 
-14 79 264 512 8 0 
30 -11 104 351 5 0 
45 56 269 603 25 0 
79 -65 73 279 14 0 
-80 99 171 359 11 0 
-61 56 209 557 22 0 
91 32 74 296 24 0 
-52 -46 90 362 20 0 
13 -77 201 475 23 0 
97 71 147 410 10 0 
33 -56 167 371 17 0 
-91 15 155 342 1 0 
3 46 153 430 13 0 
-56 87 82 277 2 0 
69 5 207 502 12 0 
80 -29 224 562 10 0 
22 -8 181 454 21 0 
-98 -5 298 584 4 0 
-92 17 222 559 23 0 
-64 -25 118 362 7 0 
5 53 100 327 20 0 
24 -81 296 648 18 0 
87 35 199 486 23 0 
75 -28 267 531 7 0 
-49 -43 117 385 20 0 
-31 84 142 420 20 0 
20 -14 248 550 16 0 
-89 85 271 628 9 0 
93 17 255 501 19 0 
57 39 107 453 9 0 
-68 -9 110 436 12 0 
-71 -36 185 366 4 0 
-14 89 63 335 24 0 
8 53 137 331 20 0 
60 37 125 369 4 0 
-98 -62 62 293 12 0 
-18 -64 113 446 20 0 
-54 -87 86 362 21 0 
-26 -94 298 553 3 0 
41 -70 230 545 20 0 
-8 45 84 432 5 0 
5 -69 224 428 4 0 
16 13 158 431 22 0 
-68 -37 183 423 4 0 
90 -12 134 379 11 0 
82 56 245 471 10 0 
-73 53 274 614 14 0 
86 51 135 480 4 0 
-38 -2 178 456 24 0 
-31 90 237 589 11 0 
-66 92 191 381 18 0 
-61 207 131 421 1 0 
-70 51 243 545 16 0 
-45 -37 116 397 13 0 
-29 -16 105 435 21 0 
0 14 62 299 21 0 
-50 -0 284 644 18 0 
-86 -40 183 452 11 0 
-56 -90 171 373 14 0 
-98 60 255 585 23 0 
16 -25 260 493 15 0 
-76 -6 178 362 22 0 
58 70 99 379 18 0 
-43 94 294 502 9 0 
-80 -67 64 342 6 0 
48 -82 159 459 12 0 
23 22 183 479 24 0 
-25 84 158 379 20 0 
90 23 199 510 8 0 
-49 76 200 558 14 0 
-74 16 216 558 1 0 
9 -64 189 420 11 0 
-39 17 282 487 10 0 
-0 21 134 356 15 0 
55 -50 183 398 2 0 
54 -37 243 433 3 0 
-73 29 91 290 9 0 
35 -82 284 640 6 0 
58 36 294 636 6 0 
-97 -67 219 470 4 0 
82 11 81 343 22 0 
27 -71 143 485 9 0 
-68 26 155 487 25 0 
-1 26 131 329 12 0 
18 -52 71 380 1 0 
-17 83 97 368 2 0 
78 30 141 403 4 0 
-81 79 210 463 18 0 
-81 74 238 488 5 0 
-47 -83 115 310 22 0 
-2 -72 115 473 22 0 
-16 99 280 634 13 0 
-49 -42 68 380 14 0 
77 -90 167 395 6 0 
-37 -84 144 484 7 0 
74 -48 193 383 1 0 
16 -18 194 538 17 0 
73 -39 214 523 16 0 
-21 84 238 459 11 0 
-11 -18 136 353 21 0 
-16 43 211 415 22 0 
-83 -56 169 446 15 0 
67 4 77 300 21 0 
-29 -85 177 445 10 0 
-57 -88 208 466 14 0 
-88 4 251 518 21 0 
49 1 286 581 13 0 
1 -23 220 494 1 0 
19 -31 287 534 22 0 
-81 67 217 510 11 0 
57 10 160 440 4 0 
-61 6 246 480 14 0 
0 -36 135 407 7 0 
-61 38 95 455 25 0 
-38 -90 229 429 2 0 
-98 -91 262 608 13 0 
17 -11 283 470 15 0 
87 8 80 403 15 0 
-82 -57 69 343 25 0 
43 -44 248 436 24 0 
-85 -22 246 516 24 0 
-99 -33 201 436 5 0 
-9 -4 214 493 23 0 
-3 52 95 316 7 0 
-31 61 114 396 8 0 
-69 84 83 347 23 0 
2 -20 185 523 20 0 
97 14 212 494 1 0 
-13 -90 260 446 16 0 
60 -70 269 528 16 0 
51 -9 274 605 10 0 
83 63 218 563 11 0 
50 -50 172 500 13 0 
67 73 79 370 11 0 
29 -18 130 441 6 0 
-56 48 104 314 7 0 
-73 -23 167 466 21 0 
49 -59 151 371 15 0 
37 99 284 608 9 0 
55 89 217 404 19 0 
-37 52 103 335 2 0 
-41 80 74 402 19 0 
-67 -47 247 599 15 0 
-71 64 95 317 8 0 
30 16 80 366 2 0 
5 -36 274 485 24 0 
-19 -94 96 360 13 0 
94 37 257 562 12 0 
-59 -51 202 462 24 0 
83 -37 69 413 2 0 
-31 76 99 447 12 0 
-21 -62 154 512 20 0 
-38 79 157 444 25 0 
-65 -2 140 478 22 0 
-42 -93 86 424 9 0 
-45 64 260 507 17 0 
20 52 209 410 21 0 
39 -92 290 476 8 0 
-16 -25 117 376 12 0 
-88 99 145 428 25 0 
44 -83 73 270 1 0 
11 29 257 452 12 0 
-87 -31 244 548 19 0 
-23 -49 165 481 17 0 
44 15 290 475 15 0 
77 56 215 556 8 0 
-99 69 71 430 9 0 
70 -10 190 396 14 0 
48 39 268 550 25 0 
-10 -8 221 545 2 0 
5 4 67 268 5 0 
-82 41 253 588 8 0 
-27 -79 164 513 13 0 
50 54 258 609 6 0 
70 27 285 609 10 0 
-37 -28 114 306 23 0 
68 66 171 410 5 0 
-77 71 149 381 15 0 
71 71 151 469 2 0 
-19 39 250 533 23 0 
-92 -64 231 419 18 0 
22 -97 176 388 21 0 
-96 8 291 510 5 0 
17 -69 79 330 13 0 
-57 39 61 291 23 0 
-43 -70 195 531 11 0 
76 -94 264 500 1 0 
-25 -12 270 588 6 0 
-63 -32 179 461 16 0 
-27 30 119 458 25 0 
82 42 129 339 5 0 
-99 -10 119 475 15 0 
-96 -90 102 327 8 0 
75 33 298 551 4 0 
-97 -68 241 553 23 0 
78 95 285 511 24 0 
64 75 293 508 19 0 
-97 40 134 447 18 0 
-41 75 281 520 3 0 
-93 11 113 326 10 0 
56 -95 147 413 5 0 
16 -25 71 290 19 0 
-42 76 61 367 21 0 
-44 78 200 483 24 0 
-70 -50 156 361 4 0 
43 6 104 380 5 0 
55 -58 163 369 7 0 
20 34 227 577 6 0 
-80 -94 261 532 21 0 
-72 99 98 322 24 0 
88 15 177 390 4 0 
-48 -54 266 455 21 0 
-99 18 198 401 25 0 
28 -88 155 387 20 0 
98 -83 109 431 7 0 
-92 -55 220 414 4 0 
-1 36 217 446 2 0 
68 33 128 312 25 0 
-59 76 150 356 2 0 
59 43 212 551 11 0 
-21 27 205 476 12 0 
-76 59 100 457 14 0 
-80 18 276 558 20 0 
30 -61 108 389 1 0 
88 96 86 416 9 0 
7 81 296 612 22 0 
-90 -67 144 402 21 0 
-4 57 256 550 5 0 
-89 97 110 387 5 0 
-27 23 298 510 24 0 
23 8 210 502 2 0 
4 92 161 346 21 0 
90 44 189 474 20 0 
53 -15 107 327 7 0 
-94 -37 147 392 17 0 
83 0 234 538 25 0 
-53 -22 274 589 24 0 
-69 28 108 453 2 0 
-25 -82 73 351 17 0 
81 92 265 572 11 0 
-60 57 166 348 11 0 
-7 97 218 420 6 0 
-13 -57 63 259 8 0 
-34 -48 103 458 17 0 
52 47 133 331 18 0 
-38 3 180 380 21 0 
-83 -97 119 403 3 0 
76 -87 64 387 23 0 
71 -23 262 524 5 0 
-18 67 297 485 13 0 
-45 82 103 388 25 0 
45 -13 166 519 14 0 
-16 -91 234 443 16 0 
79 -48 196 396 11 0 
-22 -80 210 471 16 0 
48 -77 70 331 24 0 
66 44 287 608 25 0 
-84 -79 136 495 2 0 
-52 42 175 448 6 0 
44 -25 0 
-32 14 0 
37 13 0 
-15 12 0 
32 24 0 
10 -42 0 
0 0 0 
54 190 0