74 -92 64 196 19 0 
-85 -41 341 481 3 0 
-19 73 411 541 25 0 
91 -78 434 607 15 0 
-58 -99 62 241 16 0 
-68 -99 80 250 14 0 
1 -12 148 294 7 0 
40 73 119 219 10 0 
62 -97 440 587 5 0 
-43 12 347 493 2 0 
98 -28 354 448 5 0 
14 -93 62 225 1 0 
-7 58 190 316 22 0 
86 -6 427 550 9 0 
-21 -82 427 563 21 0 
-50 -70 431 576 25 0 
14 30 473 630 6 0 
54 61 235 393 7 0 
14 -96 455 580 5 0 
66 77 94 263 8 0 
67 -99 227 384 7 0 
8 55 73 249 11 0 
-64 -5 443 583 21 0 
83 96 93 229 20 0 
10 51 396 566 7 0 
39 33 189 285 9 0 
-90 34 297 463 17 0 
68 47 334 475 16 0 
-34 40 195 329 6 0 
46 71 302 429 14 0 
-1 86 387 559 10 0 
74 87 368 517 15 0 
-12 90 333 453 9 0 
60 -67 353 483 22 0 
-4 30 189 321 17 0 
-28 -55 145 300 10 0 
61 1 462 607 25 0 
-98 24 292 471 20 0 
-69 31 239 374 2 0 
29 -79 435 579 2 0 
-86 25 278 420 6 0 
33 57 126 265 12 0 
-79 25 399 505 3 0 
80 -63 216 356 17 0 
57 25 290 453 19 0 
93 2 319 435 17 0 
94 -60 121 222 6 0 
47 24 174 296 21 0 
-50 82 157 322 9 0 
-89 95 315 409 23 0 
92 -40 472 584 6 0 
-0 -65 140 278 16 0 
-95 22 470 615 3 0 
52 -71 101 260 10 0 
-94 95 98 203 22 0 
-85 -70 346 473 20 0 
-18 73 336 466 18 0 
37 -26 62 214 4 0 
-16 -9 295 472 17 0 
73 79 442 583 12 0 
57 -63 92 240 17 0 
-82 69 129 298 20 0 
47 81 299 416 3 0 
-40 77 265 373 12 0 
-84 12 144 289 5 0 
-86 -0 150 308 11 0 
-78 8 91 249 23 0 
90 91 388 500 25 0 
-41 35 245 341 20 0 
93 -40 157 258 8 0 
48 81 170 335 19 0 
69 82 220 376 24 0 
53 -73 362 479 5 0 
-82 -47 295 442 19 0 
-10 91 419 536 9 0 
-85 53 421 579 11 0 
40 -53 411 526 20 0 
90 69 195 353 6 0 
33 -2 240 364 16 0 
-37 -94 422 555 18 0 
-83 60 114 245 20 0 
-36 -74 274 388 5 0 
42 44 283 449 15 0 
65 -61 451 628 21 0 
80 7 340 465 15 0 
24 56 126 295 25 0 
25 -85 72 188 16 0 
96 -23 344 520 2 0 
15 -78 325 424 7 0 
-5 98 337 435 3 0 
8 47 142 234 10 0 
93 -56 438 544 14 0 
-67 67 169 295 7 0 
14 17 407 530 20 0 
65 -55 288 427 4 0 
40 4 63 163 7 0 
-71 78 186 313 2 0 
10 98 314 492 22 0 
55 79 428 543 13 0 
-71 -25 252 342 17 0 
-68 27 209 329 18 0 
-33 -68 249 366 18 0 
48 -88 250 384 14 0 
85 36 122 246 7 0 
20 -63 432 552 17 0 
-70 -93 133 230 14 0 
-19 18 454 558 17 0 
69 -88 93 204 11 0 
-59 56 83 255 23 0 
-79 44 464 623 11 0 
3 -85 231 360 24 0 
-33 -54 86 230 21 0 
-57 95 236 344 14 0 
-80 8 266 374 16 0 
-62 24 67 195 25 0 
65 -42 466 592 8 0 
-24 -86 94 255 18 0 
43 35 94 247 24 0 
-76 57 461 579 20 0 
36 -91 154 317 10 0 
74 46 227 350 4 0 
-22 23 243 348 14 0 
-68 -10 189 291 10 0 
55 -6 265 363 23 0 
29 26 203 320 14 0 
34 -51 382 516 2 0 
-15 -99 339 489 5 0 
30 68 201 339 21 0 
-67 -22 217 328 7 0 
-74 66 323 421 21 0 
35 56 134 281 12 0 
20 -31 207 354 20 0 
-91 -16 61 163 14 0 
-46 -65 261 352 1 0 
-35 83 149 240 7 0 
60 -12 100 211 1 0 
97 -55 470 648 21 0 
81 -42 305 410 11 0 
-60 -52 389 540 6 0 
-53 82 270 378 6 0 
-68 77 390 486 22 0 
-23 63 184 323 12 0 
44 -31 214 336 14 0 
-41 -98 473 574 9 0 
-95 -76 424 575 4 0 
-65 -27 159 332 16 0 
65 -46 403 502 4 0 
89 90 87 267 7 0 
95 -78 431 524 23 0 
-22 56 310 456 5 0 
95 79 170 311 7 0 
-0 49 263 366 16 0 
69 -43 424 571 21 0 
81 -75 157 266 6 0 
-33 -98 90 195 11 0 
56 22 240 364 21 0 
-41 70 408 542 8 0 
9 46 131 310 19 0 
85 -79 142 312 2 0 
97 -29 128 268 10 0 
40 72 113 278 25 0 
99 91 270 446 9 0 
21 30 359 532 15 0 
-36 19 351 446 23 0 
-61 36 280 386 3 0 
-88 -29 133 237 5 0 
38 5 233 404 4 0 
46 0 340 462 16 0 
92 40 350 460 24 0 
-90 0 378 471 11 0 
90 -20 369 483 24 0 
43 -25 282 382 8 0 
50 89 339 452 22 0 
97 68 358 507 7 0 
-21 -92 246 338 25 0 
89 62 96 211 10 0 
-86 -73 239 374 1 0 
-99 42 346 511 16 0 
-32 68 194 371 12 0 
44 -58 260 413 11 0 
52 -16 230 369 5 0 
7 -79 103 251 13 0 
-51 98 454 613 4 0 
68 -24 75 225 14 0 
-70 14 325 468 11 0 
92 -32 231 358 18 0 
-67 -85 212 326 5 0 
-18 40 347 474 11 0 
28 16 170 274 12 0 
99 -40 333 484 19 0 
31 -88 274 400 14 0 
41 -48 225 323 12 0 
-85 74 444 615 1 0 
-50 -41 450 630 14 0 
15 89 327 464 21 0 
-20 -3 155 248 18 0 
30 88 451 626 25 0 
64 69 474 623 16 0 
20 12 216 348 12 0 
-58 -78 434 534 3 0 
-0 -91 390 511 2 0 
-23 -88 452 597 20 0 
82 73 165 257 11 0 
-74 -46 166 256 21 0 
78 2 177 318 2 0 
-84 -17 434 536 9 0 
-26 -69 155 289 2 0 
-52 74 457 616 11 0 
88 -96 91 250 17 0 
49 73 83 262 18 0 
73 -90 173 328 15 0 
-99 -35 394 547 16 0 
-5 73 259 373 17 0 
-27 29 378 468 11 0 
-16 63 250 347 11 0 
-74 22 330 504 24 0 
37 -36 327 447 17 0 
92 -88 308 448 10 0 
-84 65 194 361 5 0 
28 97 436 543 9 0 
50 -50 153 263 23 0 
92 -20 249 345 2 0 
-69 61 90 195 10 0 
-77 17 133 307 4 0 
-72 -26 259 431 17 0 
65 -71 477 596 6 0 
80 17 169 317 15 0 
65 -18 464 643 20 0 
31 67 121 258 5 0 
21 74 121 260 16 0 
-27 90 467 637 22 0 
-89 -64 142 261 15 0 
37 11 125 239 9 0 
-45 -65 416 516 8 0 
-94 88 170 316 24 0 
-60 -64 133 246 21 0 
-77 -87 353 465 15 0 
30 25 172 312 22 0 
88 73 247 362 8 0 
1 -66 317 476 25 0 
98 -40 281 399 3 0 
-65 97 402 566 25 0 
-27 -71 431 562 12 0 
-38 -0 410 583 12 0 
79 71 219 340 19 0 
68 51 162 332 21 0 
-32 67 244 358 5 0 
-77 23 153 285 5 0 
64 34 176 269 17 0 
-85 -83 255 409 7 0 
-22 94 335 440 22 0 
-98 -68 133 265 15 0 
-3 -61 428 586 4 0 
2 20 197 351 5 0 
74 35 428 602 20 0 
3 -45 155 284 14 0 
74 -65 304 483 23 0 
-38 3 343 516 17 0 
89 -8 290 456 24 0 
-45 -47 134 292 2 0 
-92 -62 406 505 11 0 
16 63 339 455 21 0 
94 85 102 195 24 0 
35 -94 304 406 1 0 
27 -99 460 616 18 0 
-21 -43 417 576 17 0 
-7 36 220 384 11 0 
-49 51 425 520 16 0 
73 -3 151 245 13 0 
-64 -37 175 316 23 0 
28 -31 230 322 9 0 
-95 -65 172 327 11 0 
-64 -4 341 462 11 0 
-2 -86 236 357 7 0 
-72 -39 306 468 25 0 
-61 17 250 355 8 0 
54 92 389 516 2 0 
-71 87 285 414 13 0 
9 82 187 305 17 0 
-61 40 306 400 21 0 
-37 -4 326 443 11 0 
29 74 208 354 3 0 
95 8 73 190 20 0 
13 55 103 283 12 0 
-54 97 176 344 22 0 
23 57 417 578 22 0 
-92 -7 222 374 18 0 
-3 22 355 449 17 0 
47 -42 440 606 10 0 
-58 -69 102 266 10 0 
-43 -98 421 583 5 0 
30 -90 174 344 22 0 
-22 8 264 434 18 0 
-75 38 67 195 20 0 
68 -54 202 297 14 0 
-7 -72 398 512 7 0 
40 14 319 499 21 0 
-11 98 385 508 7 0 
-53 -0 446 620 4 0 
-63 -61 428 572 1 0 
22 -87 305 408 10 0 
83 -94 326 473 24 0 
-52 5 311 411 11 0 
34 42 66 189 17 0 
-93 -46 331 510 11 0 
-19 66 356 528 8 0 
-56 71 145 240 8 0 
-91 -5 376 540 8 0 
66 -1 75 183 7 0 
70 34 318 495 16 0 
86 81 464 638 3 0 
58 67 294 411 3 0 
-68 -4 320 472 19 0 
87 -9 339 500 6 0 
-23 -50 122 273 18 0 
35 13 254 411 3 0 
47 -84 354 498 7 0 
35 -59 339 443 23 0 
-71 -69 116 230 24 0 
64 78 121 297 21 0 
40 -48 366 515 6 0 
-3 -65 112 233 12 0 
-27 -98 291 431 8 0 
-46 -78 404 541 10 0 
53 78 172 298 9 0 
73 68 339 505 1 0 
-99 76 325 483 13 0 
-35 98 411 505 13 0 
-46 63 98 270 6 0 
27 96 203 382 3 0 
-31 -31 321 468 15 0 
72 36 361 493 9 0 
70 14 218 370 11 0 
41 -31 241 400 20 0 
-54 -93 247 394 7 0 
31 56 323 465 5 0 
27 -69 64 172 9 0 
93 -58 421 519 1 0 
-52 -9 224 381 21 0 
16 -19 408 554 20 0 
-23 -45 306 438 15 0 
47 -2 288 449 3 0 
-71 84 109 217 12 0 
42 44 450 588 17 0 
90 6 129 303 5 0 
94 -14 108 275 2 0 
96 -62 214 318 15 0 
32 32 169 266 22 0 
95 -74 324 439 12 0 
73 15 274 421 3 0 
17 29 303 417 15 0 
-90 -23 286 390 3 0 
-58 82 426 592 13 0 
-94 -26 151 248 16 0 
-87 0 194 352 2 0 
-24 -99 303 428 1 0 
1 57 428 573 5 0 
81 -98 194 350 20 0 
-30 -77 313 471 7 0 
-28 -86 343 463 17 0 
34 36 97 231 25 0 
-9 -11 86 258 25 0 
-74 -84 466 596 14 0 
29 4 103 197 13 0 
90 7 151 326 25 0 
-35 -50 370 521 23 0 
-83 -7 336 451 16 0 
44 17 132 285 23 0 
15 90 387 558 2 0 
93 -24 210 384 12 0 
-79 -27 201 315 3 0 
61 -49 138 277 15 0 
49 -32 81 197 5 0 
-33 15 375 480 12 0 
78 -75 420 555 4 0 
91 -93 314 452 18 0 
-20 36 364 503 16 0 
-32 -71 73 246 9 0 
-74 25 358 528 3 0 
68 92 297 419 24 0 
63 88 449 580 14 0 
-31 -75 383 485 13 0 
2 65 391 554 2 0 
46 62 181 333 17 0 
43 14 263 353 1 0 
-30 58 166 289 18 0 
-76 52 358 498 13 0 
26 -79 376 527 25 0 
-54 -94 230 394 19 0 
-69 16 248 366 16 0 
-95 15 98 228 16 0 
-96 -59 362 505 11 0 
10 60 330 508 24 0 
86 52 393 497 9 0 
46 40 147 322 14 0 
42 35 197 337 6 0 
-4 82 225 349 5 0 
90 77 285 460 18 0 
81 66 169 273 9 0 
-95 84 350 526 17 0 
-24 10 462 571 6 0 
10 -69 440 593 1 0 
69 -92 341 444 1 0 
81 82 440 589 17 0 
-91 57 251 406 14 0 
-59 78 454 550 21 0 
7 -93 151 249 24 0 
-50 94 369 490 14 0 
86 -93 358 502 15 0 
53 80 100 229 25 0 
26 90 118 234 7 0 
-63 -89 466 574 5 0 
-91 91 163 257 2 0 
-85 -83 361 511 21 0 
-67 70 459 608 21 0 
-94 18 102 214 22 0 
-44 72 315 446 11 0 
-85 24 70 182 11 0 
56 -19 307 445 3 0 
-74 -61 111 246 23 0 
-19 74 319 473 4 0 
-8 -73 93 260 3 0 
-62 91 281 414 20 0 
-51 -9 290 435 9 0 
-10 21 394 541 21 0 
-33 22 147 262 7 0 
76 66 408 566 21 0 
-94 -59 301 470 24 0 
-12 34 73 235 3 0 
-38 -9 183 346 14 0 
45 -46 402 520 14 0 
-18 53 218 380 19 0 
36 -84 141 253 15 0 
-14 84 293 419 10 0 
-48 -72 427 533 11 0 
-2 -46 124 270 19 0 
-90 -94 205 359 6 0 
-41 10 222 364 18 0 
75 -14 140 278 23 0 
17 70 348 484 7 0 
86 -22 95 207 9 0 
-55 -62 94 190 15 0 
-29 9 100 249 18 0 
80 -94 350 510 18 0 
78 24 68 191 8 0 
84 -0 167 316 24 0 
-36 -71 257 414 18 0 
-30 -71 276 414 24 0 
-75 17 445 564 3 0 
-90 -89 95 195 9 0 
-16 11 61 178 4 0 
61 45 104 211 22 0 
84 -44 71 177 24 0 
-78 73 87 250 22 0 
-38 -54 383 524 11 0 
-44 55 62 164 11 0 
10 59 332 454 20 0 
-54 28 382 503 21 0 
58 -65 139 278 6 0 
-63 56 152 262 13 0 
-42 81 375 518 19 0 
66 16 99 189 2 0 
-95 -48 227 352 9 0 
-81 -59 143 278 10 0 
-87 65 195 326 19 0 
-27 88 239 380 23 0 
-79 -35 204 302 17 0 
-18 82 117 237 17 0 
53 -80 251 373 4 0 
78 62 85 202 15 0 
-93 84 103 240 12 0 
-81 48 222 386 25 0 
73 67 398 499 6 0 
-85 75 426 549 13 0 
14 -93 266 440 18 0 
-18 -75 279 435 21 0 
-81 34 438 562 24 0 
15 -94 191 284 15 0 
6 49 227 334 23 0 
43 54 249 402 21 0 
58 41 390 481 20 0 
-92 -88 467 565 18 0 
-11 73 183 331 22 0 
46 59 68 182 23 0 
-64 25 292 406 8 0 
96 99 97 266 14 0 
48 -66 172 273 21 0 
98 5 192 366 18 0 
22 17 360 498 19 0 
-51 72 98 189 15 0 
20 5 131 256 12 0 
-56 96 140 255 12 0 
-38 54 364 528 17 0 
-85 69 387 533 2 0 
76 -14 63 184 19 0 
-27 -64 150 293 20 0 
-22 56 111 205 17 0 
28 98 241 397 7 0 
55 -80 247 358 18 0 
-45 -5 452 595 15 0 
75 -40 144 293 25 0 
-83 60 319 453 1 0 
11 22 60 223 25 0 
-17 -53 108 253 20 0 
69 -68 275 422 12 0 
17 -26 268 426 20 0 
96 -54 100 204 18 0 
-6 60 117 209 16 0 
95 20 275 421 10 0 
-37 67 459 567 4 0 
5 -43 239 357 13 0 
83 -48 206 329 17 0 
37 -67 165 295 20 0 
-58 -52 442 538 15 0 
65 35 453 608 14 0 
-15 -97 477 654 16 0 
29 29 154 302 19 0 
62 40 442 595 17 0 
27 56 472 572 19 0 
26 64 277 404 20 0 
-82 -82 373 483 19 0 
-72 -42 428 519 6 0 
-60 -61 155 316 3 0 
93 36 88 268 8 0 
-59 45 154 300 12 0 
-28 94 247 339 5 0 
-63 50 229 370 19 0 
76 98 413 561 6 0 
-13 -21 101 242 11 0 
56 37 113 254 2 0 
-96 39 211 315 25 0 
81 92 104 282 20 0 
67 -67 385 528 11 0 
-86 -42 158 292 12 0 
30 16 335 433 3 0 
15 -63 457 608 10 0 
8 -19 470 634 11 0 
-88 -92 371 547 7 0 
34 -0 167 283 3 0 
-38 80 195 310 8 0 
-9 -76 211 355 10 0 
8 82 246 424 11 0 
17 97 84 210 5 0 
51 80 332 473 23 0 
-65 3 340 441 14 0 
57 49 467 560 19 0 
70 82 316 439 24 0 
59 61 315 432 13 0 
-2 57 346 472 11 0 
48 -96 229 373 3 0 
48 -65 139 292 22 0 
62 65 449 552 12 0 
-30 -61 293 418 6 0 
56 -12 404 495 4 0 
55 -86 273 384 14 0 
97 14 278 371 25 0 
-73 66 80 180 1 0 
-53 -89 103 201 2 0 
-10 89 395 562 17 0 
-73 -72 161 326 22 0 
98 -78 266 430 2 0 
10 98 73 217 10 0 
-85 0 254 358 15 0 
69 15 460 582 1 0 
89 -95 283 452 7 0 
46 -39 104 231 24 0 
36 73 87 201 14 0 
13 88 169 269 21 0 
-9 -15 359 501 3 0 
-97 77 373 488 25 0 
80 -12 60 218 1 0 
-97 -14 135 245 21 0 
-95 41 132 229 6 0 
-29 -76 353 518 11 0 
72 -47 181 339 7 0 
-31 -56 127 290 9 0 
-18 12 204 312 4 0 
0 24 192 322 2 0 
60 -38 90 193 8 0 
-26 -13 453 577 24 0 
-4 33 364 507 8 0 
-52 -71 321 474 6 0 
-36 48 430 561 21 0 
5 -98 454 597 23 0 
86 30 429 522 1 0 
48 -5 475 616 2 0 
-58 -96 106 201 16 0 
48 9 429 553 5 0 
61 -37 293 429 17 0 
-46 91 230 378 4 0 
59 27 229 333 20 0 
2 87 153 276 5 0 
8 67 241 357 7 0 
-74 43 118 223 20 0 
77 -49 420 547 16 0 
78 36 100 237 16 0 
-82 45 116 247 15 0 
78 32 254 353 23 0 
10 2 399 557 13 0 
-70 56 329 463 23 0 
74 -88 257 391 10 0 
54 -17 229 390 4 0 
44 -61 342 514 12 0 
-2 -26 406 525 3 0 
-47 80 182 291 4 0 
-16 -78 102 215 19 0 
45 -43 273 365 7 0 
-63 8 205 369 14 0 
-82 24 128 241 22 0 
-68 82 80 226 20 0 
-65 -6 130 233 18 0 
67 -10 197 292 6 0 
9 -69 325 431 18 0 
70 92 154 328 4 0 
-41 -28 159 326 15 0 
-94 55 270 447 5 0 
71 -7 346 492 17 0 
92 -2 214 329 18 0 
-56 64 191 361 6 0 
-73 89 464 581 3 0 
-86 36 303 448 18 0 
80 77 122 236 3 0 
-78 -66 98 254 25 0 
-50 92 208 337 6 0 
90 20 132 263 1 0 
48 2 368 500 19 0 
-70 34 347 456 12 0 
-78 97 152 331 4 0 
4 74 304 448 1 0 
56 -75 99 278 12 0 
48 -96 416 582 25 0 
54 91 257 351 1 0 
-22 97 297 475 10 0 
-40 -84 320 412 19 0 
-96 85 174 331 19 0 
-16 32 155 320 24 0 
-53 -92 140 311 7 0 
-80 79 301 462 12 0 
36 23 74 226 8 0 
91 -2 77 239 9 0 
54 -26 305 471 14 0 
-35 -8 443 579 17 0 
57 49 168 294 12 0 
48 -77 230 353 13 0 
51 79 103 277 7 0 
-82 46 404 560 13 0 
13 -34 249 373 23 0 
-14 -98 169 302 11 0 
19 77 293 403 22 0 
24 -56 461 638 15 0 
60 -75 296 430 24 0 
96 -16 135 253 2 0 
66 98 151 268 10 0 
78 33 398 548 5 0 
6 27 302 440 24 0 
-15 95 369 532 12 0 
-59 18 406 548 16 0 
86 99 149 255 2 0 
-72 -5 324 421 19 0 
9 -59 230 410 1 0 
-69 -43 228 337 15 0 
-19 60 339 497 20 0 
-98 13 420 555 10 0 
99 -46 122 214 17 0 
84 15 134 291 6 0 
65 -42 308 446 5 0 
72 -51 152 323 11 0 
-49 -59 324 417 25 0 
-83 43 298 458 25 0 
29 -32 375 535 23 0 
-76 87 309 450 1 0 
8 78 217 324 2 0 
-99 -2 328 446 3 0 
45 14 142 240 17 0 
82 -70 398 505 2 0 
-22 38 119 245 5 0 
-71 33 163 307 16 0 
-78 32 67 173 8 0 
92 94 208 338 10 0 
85 -1 214 325 14 0 
-59 61 446 620 12 0 
-78 39 268 421 16 0 
-30 34 395 509 25 0 
7 -53 379 497 11 0 
53 52 187 326 13 0 
-68 -35 101 216 13 0 
-62 -23 96 273 19 0 
-99 29 96 216 25 0 
98 38 364 499 5 0 
-65 38 449 588 20 0 
29 -4 349 509 19 0 
-80 5 149 284 19 0 
41 97 82 193 10 0 
13 91 241 365 25 0 
25 -98 106 220 15 0 
-77 44 150 261 14 0 
98 22 235 398 8 0 
54 -30 351 491 10 0 
-51 -17 170 324 19 0 
-64 -2 214 316 21 0 
2 4 0 
21 -8 0 
-43 -18 0 
-10 -37 0 
35 -14 0 
-32 -39 0 
0 0 0 
78 180 0