74 2 88 278 4 0 
-28 -17 84 282 9 0 
-50 39 275 563 23 0 
79 82 91 370 15 0 
61 -53 93 377 24 0 
-63 -22 86 343 17 0 
75 -69 163 503 11 0 
22 -83 149 338 2 0 
-86 -27 158 414 15 0 
-81 -39 150 503 8 0 
19 24 162 467 21 0 
-63 16 162 473 22 0 
96 -67 214 510 13 0 
46 82 294 602 13 0 
94 -93 196 409 24 0 
70 83 132 484 10 0 
8 -97 115 374 18 0 
84 83 195 381 1 0 
-31 -53 126 393 2 0 
-76 -30 298 554 5 0 
98 24 68 347 12 0 
72 -61 297 540 23 0 
-52 -54 176 517 13 0 
-82 -24 118 476 17 0 
-34 -7 95 285 20 0 
12 49 198 495 23 0 
65 32 112 332 1 0 
-49 -60 210 446 22 0 
-89 -7 119 421 22 0 
79 34 67 267 20 0 
-92 13 129 375 4 0 
-22 634 227 503 1 0 
57 78 211 451 10 0 
-91 -57 158 422 16 0 
-17 -57 237 523 5 0 
98 74 194 551 14 0 
80 -34 248 474 25 0 
-81 63 76 429 7 0 
72 -98 211 539 25 0 
-96 72 228 509 2 0 
19 83 278 601 21 0 
-95 32 231 554 10 0 
32 -65 168 407 15 0 
-59 49 99 378 14 0 
-21 -62 299 549 7 0 
-51 -88 282 564 19 0 
24 -77 250 581 11 0 
-83 88 260 471 2 0 
50 -81 284 488 3 0 
-49 11 70 407 14 0 
-64 -42 286 624 8 0 
51 32 169 434 19 0 
78 5 222 503 24 0 
49 95 73 263 11 0 
12 -5 183 513 2 0 
-18 68 63 244 1 0 
0 -24 168 469 8 0 
92 -82 93 282 25 0 
92 -12 139 431 17 0 
87 -81 67 290 23 0 
12 35 65 417 13 0 
94 -55 160 375 20 0 
-73 62 167 435 22 0 
77 -47 210 431 6 0 
-50 -72 148 469 8 0 
-88 11 150 504 19 0 
-98 -98 194 493 25 0 
-80 14 165 448 16 0 
-40 -34 86 441 17 0 
18 45 156 382 25 0 
-33 -26 272 478 3 0 
-0 24 249 562 25 0 
71 -76 209 556 13 0 
-93 -8 62 378 13 0 
-62 36 298 530 2 0 
33 -24 139 352 5 0 
-97 -51 82 362 17 0 
-77 -69 259 460 1 0 
-66 -92 248 515 10 0 
29 75 260 605 8 0 
-43 98 296 492 16 0 
-13 -77 217 534 16 0 
-29 -73 266 455 19 0 
-59 79 283 624 2 0 
63 81 151 410 12 0 
89 -76 263 497 8 0 
25 -63 257 455 13 0 
87 72 251 510 7 0 
60 -44 109 400 5 0 
-23 91 213 459 7 0 
40 89 119 344 1 0 
-75 -17 123 315 13 0 
73 75 279 577 12 0 
-74 86 266 475 24 0 
-37 -84 74 293 4 0 
19 -7 116 315 21 0 
50 81 253 585 10 0 
-73 -59 287 545 22 0 
-28 -93 138 432 16 0 
-19 57 289 488 20 0 
19 -91 288 472 12 0 
47 -84 300 555 10 0 
-16 69 294 518 25 0 
-18 33 202 551 22 0 
-67 91 240 429 3 0 
28 73 162 400 22 0 
44 -84 300 534 21 0 
8 -9 121 419 12 0 
-60 -13 196 477 1 0 
-52 -32 230 488 4 0 
-23 -46 274 634 14 0 
16 -65 63 287 5 0 
83 -63 98 408 19 0 
-60 -81 271 528 9 0 
-51 -69 123 342 13 0 
-15 -87 69 303 23 0 
97 54 162 468 24 0 
65 -79 158 360 11 0 
-43 74 300 647 6 0 
60 86 110 432 16 0 
-0 -96 197 477 5 0 
37 75 222 553 15 0 
-15 -86 254 586 11 0 
-11 23 191 465 8 0 
-55 -43 118 299 9 0 
-47 32 113 463 22 0 
-69 2 273 489 18 0 
-29 40 93 292 1 0 
-2 93 99 434 9 0 
-43 90 65 386 8 0 
88 11 134 365 24 0 
7 -98 291 603 15 0 
-54 -79 284 514 1 0 
-77 -43 142 325 24 0 
-84 81 117 408 11 0 
-2 -67 282 576 23 0 
50 78 261 521 6 0 
37 98 267 607 17 0 
-95 62 111 352 13 0 
-59 -6 98 288 24 0 
13 91 268 620 21 0 
-18 -60 189 423 23 0 
75 12 277 573 24 0 
-84 -86 81 437 3 0 
-40 -76 128 392 1 0 
97 61 238 436 22 0 
-58 -74 141 478 23 0 
57 84 111 468 18 0 
-76 -98 203 513 21 0 
-19 -16 159 360 6 0 
-56 -91 195 420 2 0 
61 -50 181 375 5 0 
41 -93 283 636 18 0 
0 68 176 500 4 0 
22 -12 222 531 14 0 
-49 -11 245 470 7 0 
82 -12 219 528 2 0 
-44 -24 87 324 17 0 
-23 -82 123 450 12 0 
-96 -68 150 362 22 0 
-0 -52 135 338 11 0 
77 22 180 373 9 0 
-65 0 133 476 3 0 
-53 -43 248 561 3 0 
-15 -57 87 374 21 0 
-51 -70 118 450 17 0 
-98 42 118 368 24 0 
-89 -62 160 348 10 0 
-81 -26 134 490 16 0 
-49 -87 125 472 18 0 
-12 42 239 501 2 0 
85 10 135 326 15 0 
-16 -37 88 387 11 0 
-39 93 73 355 9 0 
-67 -35 228 485 17 0 
28 83 291 518 21 0 
-51 43 194 444 17 0 
19 63 278 464 8 0 
5 32 283 585 25 0 
49 45 197 407 22 0 
-67 90 154 415 2 0 
-76 -17 188 447 23 0 
88 28 208 405 1 0 
11 -67 99 359 24 0 
67 -39 206 409 14 0 
74 -17 258 592 23 0 
-94 -31 259 531 6 0 
69 45 191 398 8 0 
-99 90 251 491 19 0 
2 -18 293 644 8 0 
-98 97 181 527 1 0 
-8 35 246 453 4 0 
-70 -56 84 356 13 0 
-8 -70 95 305 13 0 
-31 -20 99 375 20 0 
90 91 300 543 9 0 
-69 40 62 326 14 0 
35 -75 196 423 7 0 
-13 52 250 483 11 0 
-80 -18 132 364 15 0 
-49 62 207 508 16 0 
44 -84 275 620 11 0 
-79 -41 142 433 14 0 
44 -72 204 476 12 0 
38 52 294 625 4 0 
-67 -43 84 429 11 0 
87 70 237 558 19 0 
35 -5 157 412 8 0 
78 -87 143 467 7 0 
-69 -91 118 470 19 0 
86 -87 109 394 9 0 
-12 -80 164 404 24 0 
-38 -31 252 531 20 0 
-49 10 294 624 6 0 
10 41 226 424 1 0 
4 97 145 485 10 0 
62 74 80 428 15 0 
-37 95 131 481 2 0 
-31 84 156 499 23 0 
75 56 110 443 2 0 
-40 18 150 422 9 0 
77 18 158 423 6 0 
-10 59 90 433 3 0 
98 -65 267 623 17 0 
-52 -11 62 270 8 0 
-21 -95 138 337 13 0 
15 86 134 383 22 0 
19 -72 116 387 2 0 
-30 63 267 530 9 0 
58 -82 89 391 5 0 
-67 16 81 339 20 0 
-31 -79 101 350 18 0 
-86 97 290 587 4 0 
16 -10 204 547 5 0 
-57 81 158 390 19 0 
-78 40 281 486 2 0 
-86 -68 273 601 18 0 
13 16 101 353 21 0 
-91 48 254 532 18 0 
-15 -64 151 437 2 0 
-18 65 275 592 20 0 
-67 1 257 469 13 0 
-85 64 64 363 13 0 
-68 79 109 441 14 0 
43 75 205 518 23 0 
-53 73 103 347 25 0 
34 -35 196 435 25 0 
80 59 212 501 20 0 
-63 63 130 438 15 0 
89 87 285 536 4 0 
-0 96 72 321 17 0 
55 -97 221 507 5 0 
-44 -60 76 329 4 0 
41 -80 235 517 20 0 
-81 25 259 500 11 0 
-89 7 63 334 5 0 
-91 46 220 483 2 0 
-73 -65 67 375 3 0 
-25 -60 219 559 15 0 
-76 -90 109 386 22 0 
65 96 188 544 2 0 
-14 79 224 525 7 0 
30 -11 180 466 2 0 
45 56 202 506 22 0 
79 -65 210 551 15 0 
-80 99 104 367 22 0 
-61 56 140 360 14 0 
91 32 195 454 25 0 
-52 -46 106 335 7 0 
13 -77 189 371 10 0 
97 71 192 422 24 0 
33 -56 120 412 20 0 
-91 15 152 478 2 0 
3 46 295 484 21 0 
-56 87 138 469 15 0 
69 5 115 397 10 0 
80 -29 256 485 17 0 
22 -8 230 523 6 0 
-98 -5 284 622 18 0 
-92 17 121 423 14 0 
-64 -25 137 341 16 0 
5 53 183 430 11 0 
24 -81 199 389 9 0 
87 35 113 458 6 0 
75 -28 235 488 22 0 
-49 -43 238 577 24 0 
-31 84 259 481 19 0 
20 -14 109 418 17 0 
-89 85 77 276 16 0 
93 17 154 465 7 0 
57 39 250 431 12 0 
-68 -9 65 356 7 0 
-71 -36 180 437 9 0 
-14 89 198 424 16 0 
8 53 258 494 1 0 
60 37 206 431 1 0 
-98 -62 160 462 20 0 
-18 -64 138 472 3 0 
-54 -87 115 331 19 0 
-26 -94 102 302 8 0 
41 -70 166 449 1 0 
-8 45 99 381 2 0 
5 -69 250 582 3 0 
16 13 283 517 6 0 
-68 -37 134 442 7 0 
90 -12 152 415 8 0 
82 56 67 250 17 0 
-73 53 146 485 5 0 
86 51 110 386 7 0 
-38 -2 272 610 4 0 
-31 90 225 530 5 0 
-66 92 187 456 5 0 
-61 207 243 458 1 0 
-70 51 161 361 23 0 
-45 -37 176 493 1 0 
-29 -16 182 542 23 0 
0 14 266 479 20 0 
-50 -0 168 368 10 0 
-86 -40 266 503 3 0 
-56 -90 184 532 25 0 
-98 60 92 335 10 0 
16 -25 290 628 12 0 
-76 -6 138 442 2 0 
58 70 278 618 5 0 
-43 94 226 501 15 0 
-80 -67 132 458 1 0 
48 -82 97 322 4 0 
23 22 258 539 12 0 
-25 84 259 574 9 0 
90 23 62 242 23 0 
-49 76 91 451 6 0 
-74 16 282 534 16 0 
9 -64 69 291 20 0 
-39 17 266 502 5 0 
-0 21 96 279 24 0 
55 -50 216 403 1 0 
54 -37 212 546 18 0 
-73 29 168 411 16 0 
35 -82 78 345 20 0 
58 36 149 497 4 0 
-97 -67 286 466 3 0 
82 11 119 340 10 0 
27 -71 201 437 9 0 
-68 26 280 576 24 0 
-1 26 171 407 22 0 
18 -52 238 532 9 0 
-17 83 129 408 19 0 
78 30 61 318 7 0 
-81 79 201 498 19 0 
-81 74 300 656 21 0 
-47 -83 135 435 2 0 
-2 -72 159 508 13 0 
-16 99 69 270 22 0 
-49 -42 72 356 12 0 
77 -90 156 485 9 0 
-37 -84 162 439 20 0 
74 -48 287 479 10 0 
16 -18 280 490 1 0 
73 -39 135 391 11 0 
-21 84 218 493 20 0 
-11 -18 296 544 5 0 
-16 43 72 349 9 0 
-83 -56 137 345 19 0 
67 4 299 567 4 0 
-29 -85 194 464 13 0 
-57 -88 124 343 15 0 
-88 4 185 524 22 0 
49 1 125 476 11 0 
1 -23 282 607 11 0 
19 -31 239 521 2 0 
-81 67 293 627 4 0 
57 10 291 535 16 0 
-61 6 136 339 3 0 
0 -36 183 464 9 0 
-61 38 183 519 6 0 
-38 -90 148 452 19 0 
-98 -91 297 514 7 0 
17 -11 198 378 20 0 
87 8 298 484 14 0 
-82 -57 297 542 20 0 
43 -44 75 356 2 0 
-85 -22 76 348 20 0 
-99 -33 176 463 8 0 
-9 -4 208 394 10 0 
-3 52 261 535 6 0 
-31 61 108 333 7 0 
-69 84 164 429 2 0 
2 -20 134 343 15 0 
97 14 99 410 25 0 
-13 -90 255 539 25 0 
60 -70 176 514 11 0 
51 -9 209 425 11 0 
83 63 293 649 8 0 
50 -50 202 424 2 0 
67 73 130 401 19 0 
29 -18 68 265 12 0 
-56 48 148 490 20 0 
-73 -23 134 357 12 0 
49 -59 282 616 6 0 
37 99 178 404 18 0 
55 89 260 469 25 0 
-37 52 286 585 14 0 
-41 80 68 301 7 0 
-67 -47 61 268 6 0 
-71 64 274 459 13 0 
30 16 199 417 20 0 
5 -36 108 376 12 0 
-19 -94 68 265 12 0 
94 37 173 470 25 0 
-59 -51 226 545 4 0 
83 -37 196 411 20 0 
-31 76 184 477 3 0 
-21 -62 253 589 4 0 
-38 79 87 282 23 0 
-65 -2 77 372 3 0 
-42 -93 267 453 21 0 
-45 64 105 408 15 0 
20 52 254 547 9 0 
39 -92 178 465 17 0 
-16 -25 263 588 13 0 
-88 99 288 611 9 0 
44 -83 200 420 7 0 
11 29 213 519 4 0 
-87 -31 119 392 4 0 
-23 -49 213 407 17 0 
44 15 123 334 18 0 
77 56 91 342 19 0 
-99 69 164 475 5 0 
70 -10 61 272 16 0 
48 39 259 517 14 0 
-10 -8 279 575 13 0 
5 4 290 489 8 0 
-82 41 196 403 12 0 
-27 -79 119 349 7 0 
50 54 271 601 18 0 
70 27 73 395 8 0 
-37 -28 198 519 25 0 
68 66 275 551 7 0 
-77 71 140 357 6 0 
71 71 115 435 21 0 
-19 39 83 352 3 0 
-92 -64 251 587 20 0 
22 -97 120 392 14 0 
-96 8 72 432 12 0 
17 -69 132 393 10 0 
-57 39 79 369 17 0 
-43 -70 208 388 23 0 
76 -94 299 513 19 0 
-25 -12 126 371 3 0 
-63 -32 181 402 13 0 
-27 30 228 574 7 0 
82 42 230 490 7 0 
-99 -10 292 493 10 0 
-96 -90 64 402 19 0 
75 33 287 564 2 0 
-97 -68 299 526 1 0 
78 95 173 513 19 0 
64 75 116 338 19 0 
-97 40 294 644 13 0 
-41 75 180 495 10 0 
-93 11 271 576 17 0 
56 -95 124 317 10 0 
16 -25 172 493 18 0 
-42 76 264 484 3 0 
-44 78 100 328 12 0 
-70 -50 145 367 7 0 
43 6 119 435 9 0 
55 -58 129 457 20 0 
20 34 254 613 20 0 
-80 -94 113 385 21 0 
-72 99 274 464 15 0 
88 15 266 575 7 0 
-48 -54 209 530 22 0 
-99 18 158 439 19 0 
28 -88 228 560 16 0 
98 -83 71 277 21 0 
-92 -55 257 514 4 0 
-1 36 181 460 20 0 
68 33 295 620 3 0 
-59 76 248 509 24 0 
59 43 193 513 2 0 
-21 27 128 472 13 0 
-76 59 246 540 25 0 
-80 18 201 393 20 0 
30 -61 233 466 17 0 
88 96 192 385 23 0 
7 81 115 338 5 0 
-90 -67 88 417 1 0 
-4 57 175 396 4 0 
-89 97 266 594 9 0 
-27 23 281 569 7 0 
23 8 75 389 13 0 
4 92 256 611 2 0 
90 44 98 439 9 0 
53 -15 292 601 6 0 
-94 -37 121 451 4 0 
83 0 234 594 4 0 
-53 -22 257 558 23 0 
-69 28 179 381 25 0 
-25 -82 285 499 24 0 
81 92 116 431 20 0 
-60 57 297 624 18 0 
-7 97 109 386 24 0 
-13 -57 277 619 8 0 
-34 -48 90 450 18 0 
52 47 173 409 2 0 
-38 3 162 346 24 0 
-83 -97 257 520 9 0 
76 -87 247 605 2 0 
71 -23 76 319 8 0 
-18 67 82 354 24 0 
-45 82 131 442 10 0 
45 -13 214 444 5 0 
-16 -91 264 612 4 0 
79 -48 183 512 20 0 
-22 -80 131 365 8 0 
48 -77 285 495 24 0 
66 44 179 483 18 0 
-84 -79 184 393 16 0 
-52 42 143 452 20 0 
91 8 270 617 15 0 
-70 44 91 450 16 0 
-38 70 120 399 13 0 
78 77 248 573 2 0 
-17 -94 225 497 4 0 
3 31 195 394 14 0 
16 -55 268 454 19 0 
25 -84 234 417 7 0 
-82 -57 226 487 12 0 
-27 61 183 478 20 0 
-86 80 68 347 7 0 
-34 20 81 288 9 0 
95 -61 289 500 11 0 
-85 79 228 489 25 0 
13 -27 147 357 9 0 
-96 35 269 507 11 0 
-62 45 264 490 7 0 
92 -37 232 414 9 0 
-69 32 111 422 8 0 
43 78 125 349 4 0 
-78 -97 110 429 18 0 
63 -28 67 396 23 0 
-50 -7 171 468 1 0 
67 -4 71 319 16 0 
87 68 227 502 2 0 
19 -6 220 439 9 0 
77 37 253 466 22 0 
-30 -37 151 502 20 0 
-32 -57 115 393 9 0 
-88 67 136 362 20 0 
-70 81 163 448 6 0 
78 73 208 472 23 0 
-84 -80 122 344 6 0 
-36 -23 176 450 8 0 
-3 96 274 537 13 0 
-27 27 179 394 18 0 
22 11 108 318 4 0 
-40 83 194 531 14 0 
93 -75 188 420 16 0 
-70 -69 252 453 13 0 
-76 78 270 540 15 0 
-70 -96 116 423 2 0 
-17 95 131 406 11 0 
-89 6 230 545 16 0 
92 27 259 609 20 0 
53 -12 262 566 12 0 
-97 -41 155 418 2 0 
-49 -55 246 466 4 0 
-11 -83 264 562 1 0 
-82 -83 66 326 3 0 
-26 57 287 537 12 0 
-49 93 72 390 22 0 
-54 55 223 419 24 0 
53 -63 201 412 9 0 
51 90 238 529 6 0 
-83 84 160 424 7 0 
-80 3 81 388 11 0 
-91 14 244 441 21 0 
-1 -4 245 491 7 0 
-20 -7 271 627 16 0 
-55 18 265 606 23 0 
73 91 155 372 15 0 
72 56 201 491 18 0 
-45 42 244 591 6 0 
30 -85 272 473 17 0 
65 87 206 388 19 0 
26 -78 124 472 16 0 
-22 42 112 304 19 0 
84 -60 111 450 8 0 
50 93 64 375 5 0 
67 -41 173 449 13 0 
-26 -11 169 413 1 0 
72 55 196 381 15 0 
-10 -81 91 294 10 0 
88 4 114 424 21 0 
95 84 297 551 3 0 
-15 70 166 408 15 0 
34 3 69 255 21 0 
-72 -63 226 479 7 0 
-7 63 256 446 5 0 
38 -76 145 353 22 0 
-7 -17 218 476 19 0 
46 58 180 438 22 0 
15 -24 93 437 18 0 
89 15 295 540 7 0 
8 6 93 340 10 0 
-87 89 102 442 8 0 
-60 48 120 473 7 0 
-87 95 95 361 3 0 
44 -15 187 474 12 0 
47 60 208 477 6 0 
40 -28 145 325 15 0 
-25 57 103 457 14 0 
-19 -88 259 470 3 0 
8 21 132 417 9 0 
-4 -57 240 451 17 0 
-98 -26 169 461 21 0 
-27 12 142 335 11 0 
-30 -58 284 613 25 0 
8 -91 255 491 2 0 
65 -5 288 481 21 0 
54 -96 254 557 5 0 
-97 58 79 402 17 0 
97 81 254 568 5 0 
99 -85 99 375 12 0 
-92 -39 145 470 6 0 
-80 99 155 493 9 0 
-4 89 67 403 11 0 
96 -32 203 430 20 0 
89 60 163 431 21 0 
-21 34 78 347 2 0 
-92 42 167 496 12 0 
26 -63 160 507 21 0 
40 99 247 442 6 0 
4 -64 181 493 24 0 
63 -96 187 545 24 0 
98 25 239 508 18 0 
-56 29 74 263 22 0 
56 57 71 369 12 0 
45 -99 114 455 15 0 
-60 -51 137 370 21 0 
-80 -63 114 425 11 0 
40 50 222 562 17 0 
-98 -32 179 403 15 0 
7 68 214 574 13 0 
18 60 180 399 12 0 
-86 49 121 431 23 0 
23 90 168 473 20 0 
4 -5 289 531 1 0 
-61 -46 261 477 20 0 
52 44 252 508 1 0 
-94 93 201 423 15 0 
-83 49 156 412 19 0 
-17 75 180 454 8 0 
-36 7 251 502 23 0 
-46 15 62 267 13 0 
-6 -91 130 450 18 0 
-51 -15 299 484 22 0 
-6 -49 232 590 9 0 
-89 -96 127 414 18 0 
19 -7 153 407 14 0 
-2 24 160 407 1 0 
-11 -9 104 383 25 0 
-74 1 162 480 25 0 
-21 -28 276 583 17 0 
-73 94 190 516 16 0 
95 0 299 614 24 0 
62 -60 279 578 14 0 
-51 99 110 399 16 0 
-44 93 294 568 25 0 
47 -11 298 518 25 0 
-64 29 218 532 4 0 
-23 3 167 388 24 0 
-62 -45 226 547 6 0 
46 -66 208 554 25 0 
84 38 245 500 5 0 
12 62 75 381 8 0 
-50 -50 117 403 4 0 
-28 -75 148 392 4 0 
-72 -83 234 592 12 0 
-83 61 211 426 22 0 
-11 77 115 384 21 0 
-92 37 157 501 11 0 
-38 -35 66 248 8 0 
-36 -96 117 350 9 0 
-15 88 159 447 5 0 
-48 75 215 459 6 0 
0 -25 266 575 8 0 
-25 71 238 531 17 0 
11 -83 172 491 25 0 
25 64 65 395 3 0 
-33 -28 177 520 14 0 
33 83 202 388 4 0 
-59 -88 272 598 16 0 
90 -92 274 499 12 0 
43 81 176 376 11 0 
52 -92 145 448 22 0 
19 57 63 347 9 0 
-53 69 235 484 4 0 
-88 -96 204 523 16 0 
44 -25 0 
-32 14 0 
37 13 0 
-15 12 0 
32 24 0 
10 -42 0 
0 0 0 
72 180 0