74 2 134 490 16 0 
-28 -17 125 472 18 0 
-50 39 239 501 2 0 
79 82 135 326 15 0 
61 -53 88 387 11 0 
-63 -22 73 355 9 0 
75 -69 228 485 17 0 
22 -83 291 518 21 0 
-86 -27 194 444 17 0 
-81 -39 278 464 8 0 
19 24 283 585 25 0 
-63 16 197 407 22 0 
96 -67 154 415 2 0 
46 82 188 447 23 0 
94 -93 208 405 1 0 
70 83 99 359 24 0 
8 -97 206 409 14 0 
84 83 258 592 23 0 
-31 -53 259 531 6 0 
-76 -30 191 398 8 0 
98 24 251 491 19 0 
72 -61 293 644 8 0 
-52 -54 181 527 1 0 
-82 -24 246 453 4 0 
-34 -7 84 356 13 0 
12 49 95 305 13 0 
65 32 99 375 20 0 
-49 -60 300 543 9 0 
-89 -7 62 326 14 0 
79 34 196 423 7 0 
-92 13 250 483 11 0 
-22 634 132 364 1 0 
57 78 207 508 16 0 
-91 -57 275 620 11 0 
-17 -57 142 433 14 0 
98 74 204 476 12 0 
80 -34 294 625 4 0 
-81 63 84 429 11 0 
72 -98 237 558 19 0 
-96 72 157 412 8 0 
19 83 143 467 7 0 
-95 32 118 470 19 0 
32 -65 109 394 9 0 
-59 49 164 404 24 0 
-21 -62 252 531 20 0 
-51 -88 294 624 6 0 
24 -77 226 424 1 0 
-83 88 145 485 10 0 
50 -81 80 428 15 0 
-49 11 131 481 2 0 
-64 -42 156 499 23 0 
51 32 110 443 2 0 
78 5 150 422 9 0 
49 95 158 423 6 0 
12 -5 90 433 3 0 
-18 68 267 623 17 0 
0 -24 62 270 8 0 
92 -82 138 337 13 0 
92 -12 134 383 22 0 
87 -81 116 387 2 0 
12 35 267 530 9 0 
94 -55 89 391 5 0 
-73 62 81 339 20 0 
77 -47 101 350 18 0 
-50 -72 290 587 4 0 
-88 11 204 547 5 0 
-98 -98 158 390 19 0 
-80 14 281 486 2 0 
-40 -34 273 601 18 0 
18 45 101 353 21 0 
-33 -26 254 532 18 0 
-0 24 151 437 2 0 
71 -76 275 592 20 0 
-93 -8 257 469 13 0 
-62 36 64 363 13 0 
33 -24 109 441 14 0 
-97 -51 205 518 23 0 
-77 -69 103 347 25 0 
-66 -92 196 435 25 0 
29 75 212 501 20 0 
-43 98 130 438 15 0 
-13 -77 285 536 4 0 
-29 -73 72 321 17 0 
-59 79 221 507 5 0 
63 81 76 329 4 0 
89 -76 235 517 20 0 
25 -63 259 500 11 0 
87 72 63 334 5 0 
60 -44 220 483 2 0 
-23 91 67 375 3 0 
40 89 219 559 15 0 
-75 -17 109 386 22 0 
73 75 188 544 2 0 
-74 86 224 525 7 0 
-37 -84 180 466 2 0 
19 -7 202 506 22 0 
50 81 210 551 15 0 
-73 -59 104 367 22 0 
-28 -93 140 360 14 0 
-19 57 195 454 25 0 
19 -91 106 335 7 0 
47 -84 189 371 10 0 
-16 69 192 422 24 0 
-18 33 120 412 20 0 
-67 91 152 478 2 0 
28 73 295 484 21 0 
44 -84 138 469 15 0 
8 -9 115 397 10 0 
-60 -13 256 485 17 0 
-52 -32 230 523 6 0 
-23 -46 284 622 18 0 
16 -65 121 423 14 0 
83 -63 137 341 16 0 
-60 -81 183 430 11 0 
-51 -69 199 389 9 0 
-15 -87 113 458 6 0 
97 54 235 488 22 0 
65 -79 238 577 24 0 
-43 74 259 481 19 0 
60 86 109 418 17 0 
-0 -96 77 276 16 0 
37 75 154 465 7 0 
-15 -86 250 431 12 0 
-11 23 65 356 7 0 
-55 -43 180 437 9 0 
-47 32 198 424 16 0 
-69 2 258 494 1 0 
-29 40 206 431 1 0 
-2 93 160 462 20 0 
-43 90 138 472 3 0 
88 11 115 331 19 0 
7 -98 102 302 8 0 
-54 -79 166 449 1 0 
-77 -43 99 381 2 0 
-84 81 250 582 3 0 
-2 -67 283 517 6 0 
50 78 134 442 7 0 
37 98 152 415 8 0 
-95 62 67 250 17 0 
-59 -6 146 485 5 0 
13 91 110 386 7 0 
-18 -60 272 610 4 0 
75 12 225 530 5 0 
-84 -86 187 456 5 0 
-40 -76 243 458 11 0 
97 61 161 361 23 0 
-58 -74 176 493 1 0 
57 84 182 542 23 0 
-76 -98 266 479 20 0 
-19 -16 168 368 10 0 
-56 -91 266 503 3 0 
61 -50 184 532 25 0 
41 -93 92 335 10 0 
0 68 290 628 12 0 
22 -12 138 442 2 0 
-49 -11 278 618 5 0 
82 -12 226 501 15 0 
-44 -24 132 458 1 0 
-23 -82 97 322 4 0 
-96 -68 258 539 12 0 
-0 -52 259 574 9 0 
77 22 62 242 23 0 
-65 0 91 451 6 0 
-53 -43 282 534 16 0 
-15 -57 69 291 20 0 
-51 -70 266 502 5 0 
-98 42 96 279 24 0 
-89 -62 216 403 1 0 
-81 -26 212 546 18 0 
-49 -87 168 411 16 0 
-12 42 78 345 20 0 
85 10 149 497 4 0 
-16 -37 286 466 3 0 
-39 93 119 340 10 0 
-67 -35 201 437 9 0 
28 83 280 576 24 0 
-51 43 171 407 22 0 
19 63 238 532 9 0 
5 32 129 408 19 0 
49 45 61 318 7 0 
-67 90 201 498 19 0 
-76 -17 300 656 21 0 
88 28 135 435 2 0 
11 -67 159 508 13 0 
67 -39 69 270 22 0 
74 -17 72 356 12 0 
-94 -31 156 485 9 0 
69 45 162 439 20 0 
-99 90 287 479 10 0 
2 -18 280 490 1 0 
-98 97 135 391 11 0 
-8 35 218 493 20 0 
-70 -56 296 544 5 0 
-8 -70 72 349 9 0 
-31 -20 137 345 19 0 
90 91 299 567 4 0 
-69 40 194 464 13 0 
35 -75 124 343 15 0 
-13 52 185 524 22 0 
-80 -18 125 476 11 0 
-49 62 282 607 11 0 
44 -84 239 521 2 0 
-79 -41 293 627 4 0 
44 -72 291 535 16 0 
38 52 136 339 3 0 
-67 -43 183 464 9 0 
87 70 183 519 6 0 
35 -5 148 452 19 0 
78 -87 297 514 7 0 
-69 -91 198 378 20 0 
86 -87 298 484 14 0 
-12 -80 297 542 20 0 
-38 -31 75 356 2 0 
-49 10 76 348 20 0 
10 41 176 463 8 0 
4 97 208 394 10 0 
62 74 261 535 6 0 
-37 95 108 333 7 0 
-31 84 164 429 2 0 
75 56 134 343 15 0 
-40 18 99 410 25 0 
77 18 255 539 25 0 
-10 59 176 514 11 0 
98 -65 209 425 11 0 
-52 -11 293 649 8 0 
-21 -95 202 424 2 0 
15 86 130 401 19 0 
19 -72 68 265 12 0 
-30 63 148 490 20 0 
58 -82 134 357 12 0 
-67 16 282 616 6 0 
-31 -79 178 404 18 0 
-86 97 260 469 25 0 
16 -10 286 585 14 0 
-57 81 68 301 7 0 
-78 40 61 268 6 0 
-86 -68 274 459 13 0 
13 16 199 417 20 0 
-91 48 108 376 12 0 
-15 -64 68 265 12 0 
-18 65 173 470 25 0 
-67 1 226 545 4 0 
-85 64 196 411 20 0 
-68 79 184 477 3 0 
43 75 253 589 4 0 
-53 73 87 282 23 0 
34 -35 77 372 3 0 
80 59 267 453 21 0 
-63 63 105 408 15 0 
89 87 254 547 9 0 
-0 96 178 465 17 0 
55 -97 263 588 13 0 
-44 -60 288 611 9 0 
41 -80 200 420 7 0 
-81 25 213 519 4 0 
-89 7 119 392 4 0 
-91 46 213 407 17 0 
-73 -65 123 334 18 0 
-25 -60 91 342 19 0 
-76 -90 164 475 5 0 
65 96 61 272 16 0 
-14 79 259 517 14 0 
30 -11 279 575 13 0 
45 56 290 489 8 0 
79 -65 196 403 12 0 
-80 99 119 349 7 0 
-61 56 271 601 18 0 
91 32 73 395 8 0 
-52 -46 198 519 25 0 
13 -77 275 551 7 0 
97 71 140 357 6 0 
33 -56 115 435 21 0 
-91 15 83 352 3 0 
3 46 251 587 20 0 
-56 87 120 392 14 0 
69 5 72 432 12 0 
80 -29 132 393 10 0 
22 -8 79 369 17 0 
-98 -5 208 388 23 0 
-92 17 299 513 19 0 
-64 -25 126 371 3 0 
5 53 181 402 13 0 
24 -81 228 574 7 0 
87 35 230 490 7 0 
75 -28 292 493 10 0 
-49 -43 64 402 19 0 
-31 84 287 564 2 0 
20 -14 299 526 1 0 
-89 85 173 513 19 0 
93 17 116 338 19 0 
57 39 294 644 13 0 
-68 -9 180 495 10 0 
-71 -36 271 576 17 0 
-14 89 124 317 10 0 
8 53 172 493 18 0 
60 37 264 484 3 0 
-98 -62 100 328 12 0 
-18 -64 145 367 7 0 
-54 -87 119 435 9 0 
-26 -94 129 457 20 0 
41 -70 254 613 20 0 
-8 45 113 385 21 0 
5 -69 274 464 15 0 
16 13 266 575 7 0 
-68 -37 209 530 22 0 
90 -12 158 439 19 0 
82 56 228 560 16 0 
-73 53 71 277 21 0 
86 51 257 514 4 0 
-38 -2 181 460 20 0 
-31 90 295 620 3 0 
-66 92 248 509 24 0 
-61 207 193 513 1 0 
-70 51 128 472 13 0 
-45 -37 246 540 25 0 
-29 -16 201 393 20 0 
0 14 233 466 17 0 
-50 -0 192 385 23 0 
-86 -40 115 338 5 0 
-56 -90 88 417 1 0 
-98 60 175 396 4 0 
16 -25 266 594 9 0 
-76 -6 281 569 7 0 
58 70 75 389 13 0 
-43 94 256 611 2 0 
-80 -67 98 439 9 0 
48 -82 292 601 6 0 
23 22 121 451 4 0 
-25 84 234 594 4 0 
90 23 257 558 23 0 
-49 76 179 381 25 0 
-74 16 285 499 24 0 
9 -64 116 431 20 0 
-39 17 297 624 18 0 
-0 21 109 386 24 0 
55 -50 277 619 8 0 
54 -37 90 450 18 0 
-73 29 173 409 2 0 
35 -82 162 346 24 0 
58 36 257 520 9 0 
-97 -67 247 605 2 0 
82 11 76 319 8 0 
27 -71 82 354 24 0 
-68 26 131 442 10 0 
-1 26 214 444 5 0 
18 -52 264 612 4 0 
-17 83 183 512 20 0 
78 30 131 365 8 0 
-81 79 285 495 24 0 
-81 74 179 483 18 0 
-47 -83 184 393 16 0 
-2 -72 143 452 20 0 
-16 99 270 617 15 0 
-49 -42 91 450 16 0 
77 -90 120 399 13 0 
-37 -84 248 573 2 0 
74 -48 225 497 4 0 
16 -18 195 394 14 0 
73 -39 268 454 19 0 
-21 84 234 417 7 0 
-11 -18 226 487 12 0 
-16 43 183 478 20 0 
-83 -56 68 347 7 0 
67 4 81 288 9 0 
-29 -85 289 500 11 0 
-57 -88 228 489 25 0 
-88 4 147 357 9 0 
49 1 269 507 11 0 
1 -23 264 490 7 0 
19 -31 232 414 9 0 
-81 67 111 422 8 0 
57 10 125 349 4 0 
-61 6 110 429 18 0 
0 -36 67 396 23 0 
-61 38 171 468 1 0 
-38 -90 71 319 16 0 
-98 -91 227 502 2 0 
17 -11 220 439 9 0 
87 8 253 466 22 0 
-82 -57 151 502 20 0 
43 -44 115 393 9 0 
-85 -22 136 362 20 0 
-99 -33 163 448 6 0 
-9 -4 208 472 23 0 
-3 52 122 344 6 0 
-31 61 176 450 8 0 
-69 84 274 537 13 0 
2 -20 179 394 18 0 
97 14 108 318 4 0 
-13 -90 194 531 14 0 
60 -70 188 420 16 0 
51 -9 252 453 13 0 
83 63 270 540 15 0 
50 -50 116 423 2 0 
67 73 131 406 11 0 
29 -18 230 545 16 0 
-56 48 259 609 20 0 
-73 -23 262 566 12 0 
49 -59 155 418 2 0 
37 99 246 466 4 0 
55 89 264 562 1 0 
-37 52 66 326 3 0 
-41 80 287 537 12 0 
-67 -47 72 390 22 0 
-71 64 223 419 24 0 
30 16 201 412 9 0 
5 -36 238 529 6 0 
-19 -94 160 424 7 0 
94 37 81 388 11 0 
-59 -51 244 441 21 0 
83 -37 245 491 7 0 
-31 76 271 627 16 0 
-21 -62 265 606 23 0 
-38 79 155 372 15 0 
-65 -2 201 491 18 0 
-42 -93 244 591 6 0 
-45 64 272 473 17 0 
20 52 206 388 19 0 
39 -92 124 472 16 0 
-16 -25 112 304 19 0 
-88 99 111 450 8 0 
44 -83 64 375 5 0 
11 29 173 449 13 0 
-87 -31 169 413 1 0 
-23 -49 196 381 15 0 
44 15 91 294 10 0 
77 56 114 424 21 0 
-99 69 297 551 3 0 
70 -10 166 408 15 0 
48 39 69 255 21 0 
-10 -8 226 479 7 0 
5 4 256 446 5 0 
-82 41 145 353 22 0 
-27 -79 218 476 19 0 
50 54 180 438 22 0 
70 27 93 437 18 0 
-37 -28 295 540 7 0 
68 66 93 340 10 0 
-77 71 102 442 8 0 
71 71 120 473 7 0 
-19 39 95 361 3 0 
-92 -64 187 474 12 0 
22 -97 208 477 6 0 
-96 8 145 325 15 0 
17 -69 103 457 14 0 
-57 39 259 470 3 0 
-43 -70 132 417 9 0 
76 -94 240 451 17 0 
-25 -12 169 461 21 0 
-63 -32 142 335 11 0 
-27 30 284 613 25 0 
82 42 255 491 2 0 
-99 -10 288 481 21 0 
-96 -90 254 557 5 0 
75 33 79 402 17 0 
-97 -68 254 568 5 0 
78 95 99 375 12 0 
64 75 145 470 6 0 
-97 40 155 493 9 0 
-41 75 67 403 11 0 
-93 11 203 430 20 0 
56 -95 163 431 21 0 
16 -25 78 347 2 0 
-42 76 167 496 12 0 
-44 78 160 507 21 0 
-70 -50 247 442 6 0 
43 6 181 493 24 0 
55 -58 187 545 24 0 
20 34 239 508 18 0 
-80 -94 74 263 22 0 
-72 99 71 369 12 0 
88 15 114 455 15 0 
-48 -54 137 370 21 0 
-99 18 114 425 11 0 
28 -88 222 562 17 0 
98 -83 179 403 15 0 
-92 -55 214 574 13 0 
-1 36 180 399 12 0 
68 33 121 431 23 0 
-59 76 168 473 20 0 
59 43 289 531 1 0 
-21 27 261 477 20 0 
-76 59 252 508 1 0 
-80 18 201 423 15 0 
30 -61 156 412 19 0 
88 96 180 454 8 0 
7 81 251 502 23 0 
-90 -67 62 267 13 0 
-4 57 130 450 18 0 
-89 97 299 484 22 0 
-27 23 232 590 9 0 
23 8 127 414 18 0 
4 92 153 407 14 0 
90 44 160 407 1 0 
53 -15 104 383 25 0 
-94 -37 162 480 25 0 
83 0 276 583 17 0 
-53 -22 190 516 16 0 
-69 28 299 614 24 0 
-25 -82 279 578 14 0 
81 92 110 399 16 0 
-60 57 294 568 25 0 
-7 97 298 518 25 0 
-13 -57 218 532 4 0 
-34 -48 167 388 24 0 
52 47 226 547 6 0 
-38 3 208 554 25 0 
-83 -97 245 500 5 0 
76 -87 75 381 8 0 
71 -23 117 403 4 0 
-18 67 148 392 4 0 
-45 82 234 592 12 0 
45 -13 211 426 22 0 
-16 -91 115 384 21 0 
79 -48 157 501 11 0 
-22 -80 66 248 8 0 
48 -77 117 350 9 0 
66 44 159 447 5 0 
-84 -79 215 459 6 0 
-52 42 266 575 8 0 
91 8 238 531 17 0 
-70 44 172 491 25 0 
-38 70 65 395 3 0 
78 77 177 520 14 0 
-17 -94 202 388 4 0 
3 31 272 598 16 0 
16 -55 274 499 12 0 
25 -84 176 376 11 0 
-82 -57 145 448 22 0 
-27 61 63 347 9 0 
-86 80 235 484 4 0 
-34 20 204 523 16 0 
95 -61 205 486 8 0 
-85 79 120 389 11 0 
13 -27 174 361 2 0 
-96 35 170 392 18 0 
-62 45 129 417 21 0 
92 -37 220 515 8 0 
-69 32 142 468 10 0 
43 78 169 459 4 0 
-78 -97 272 526 24 0 
63 -28 144 392 25 0 
-50 -7 171 459 2 0 
67 -4 207 481 10 0 
87 68 120 351 20 0 
19 -6 175 356 22 0 
77 37 77 274 11 0 
-30 -37 205 473 1 0 
-32 -57 220 534 18 0 
-88 67 152 408 1 0 
-70 81 286 595 18 0 
78 73 269 471 8 0 
-84 -80 215 471 21 0 
-36 -23 258 469 7 0 
-3 96 83 306 25 0 
-27 27 77 276 5 0 
22 11 179 456 22 0 
-40 83 152 453 24 0 
93 -75 298 603 13 0 
-70 -69 98 279 11 0 
-76 78 172 485 7 0 
-70 -96 61 359 5 0 
-17 95 189 383 10 0 
-89 6 118 407 23 0 
92 27 66 305 16 0 
53 -12 155 426 7 0 
-97 -41 144 474 5 0 
-49 -55 250 549 7 0 
-11 -83 169 509 9 0 
-82 -83 140 423 10 0 
-26 57 90 366 21 0 
-49 93 241 586 20 0 
-54 55 263 564 20 0 
53 -63 133 463 14 0 
51 90 189 473 13 0 
-83 84 259 547 4 0 
-80 3 197 538 19 0 
-91 14 185 404 15 0 
-1 -4 225 483 19 0 
-20 -7 224 437 18 0 
-55 18 286 561 4 0 
73 91 188 530 6 0 
72 56 216 520 22 0 
-45 42 228 480 24 0 
30 -85 137 400 4 0 
65 87 129 349 9 0 
26 -78 205 430 23 0 
-22 42 229 531 20 0 
84 -60 170 453 20 0 
50 93 242 459 21 0 
67 -41 155 502 24 0 
-26 -11 114 349 10 0 
72 55 158 373 15 0 
-10 -81 202 464 2 0 
88 4 196 467 16 0 
95 84 232 498 24 0 
-15 70 148 485 3 0 
34 3 160 424 4 0 
-72 -63 289 520 8 0 
-7 63 281 490 13 0 
38 -76 148 447 23 0 
-7 -17 226 532 15 0 
46 58 64 301 12 0 
15 -24 283 639 9 0 
89 15 176 360 21 0 
8 6 263 592 25 0 
-87 89 247 565 7 0 
-60 48 113 470 13 0 
-87 95 224 574 17 0 
44 -15 294 596 22 0 
47 60 125 393 21 0 
40 -28 177 437 17 0 
-25 57 296 618 10 0 
-19 -88 81 389 21 0 
8 21 268 463 3 0 
-4 -57 300 625 2 0 
-98 -26 256 483 11 0 
-27 12 63 327 14 0 
-30 -58 144 385 6 0 
8 -91 99 400 3 0 
65 -5 173 432 13 0 
54 -96 290 484 6 0 
-97 58 201 527 17 0 
97 81 300 659 23 0 
99 -85 282 508 10 0 
-92 -39 214 530 15 0 
-80 99 77 310 18 0 
-4 89 274 568 25 0 
96 -32 147 439 8 0 
89 60 300 568 10 0 
-21 34 233 562 18 0 
-92 42 198 386 15 0 
26 -63 203 433 24 0 
40 99 228 441 7 0 
4 -64 225 544 23 0 
63 -96 172 439 7 0 
98 25 143 353 11 0 
-56 29 93 431 20 0 
56 57 297 599 7 0 
45 -99 133 487 12 0 
-60 -51 257 555 6 0 
-80 -63 119 462 16 0 
40 50 294 503 10 0 
-98 -32 145 482 13 0 
7 68 218 536 13 0 
18 60 184 493 19 0 
-86 49 299 612 4 0 
23 90 233 453 5 0 
4 -5 113 444 9 0 
-61 -46 274 575 1 0 
52 44 226 423 23 0 
-94 93 185 494 9 0 
-83 49 163 416 18 0 
-17 75 189 393 8 0 
-36 7 253 508 8 0 
-46 15 108 399 13 0 
-6 -91 180 488 18 0 
-51 -15 218 523 8 0 
-6 -49 195 547 6 0 
-89 -96 166 522 2 0 
19 -7 78 338 19 0 
-2 24 216 502 10 0 
-11 -9 123 362 22 0 
-74 1 182 515 12 0 
-21 -28 220 485 12 0 
-73 94 79 369 5 0 
95 0 145 408 12 0 
62 -60 158 452 19 0 
-51 99 219 541 11 0 
-44 93 299 647 9 0 
47 -11 229 481 23 0 
-64 29 146 408 24 0 
-23 3 113 431 2 0 
-62 -45 81 288 16 0 
46 -66 106 373 3 0 
84 38 85 270 5 0 
12 62 128 416 3 0 
-50 -50 126 324 12 0 
-28 -75 63 253 13 0 
-72 -83 256 556 16 0 
-83 61 178 534 17 0 
-11 77 96 448 20 0 
-92 37 295 555 17 0 
-38 -35 239 438 7 0 
-36 -96 240 424 24 0 
-15 88 217 499 19 0 
-48 75 242 537 18 0 
0 -25 127 460 12 0 
-25 71 149 474 19 0 
11 -83 270 613 13 0 
25 64 282 611 9 0 
-33 -28 113 325 12 0 
33 83 274 594 22 0 
-59 -88 78 264 3 0 
90 -92 94 317 19 0 
43 81 202 420 23 0 
52 -92 262 542 19 0 
19 57 94 453 13 0 
-53 69 193 485 1 0 
-88 -96 90 303 21 0 
45 86 198 431 24 0 
87 37 97 278 17 0 
-23 -90 176 361 1 0 
-72 52 269 624 17 0 
-27 88 212 477 13 0 
93 -99 226 461 2 0 
-49 -8 191 476 16 0 
-47 58 79 393 18 0 
-99 86 69 353 25 0 
81 -36 155 395 16 0 
54 23 247 509 15 0 
-94 89 79 419 7 0 
94 1 163 345 7 0 
-67 -38 144 392 22 0 
88 -76 297 554 13 0 
62 -73 128 437 11 0 
-36 62 237 562 2 0 
20 -61 279 606 3 0 
95 -26 145 466 19 0 
12 70 254 511 22 0 
-18 72 190 478 18 0 
-84 -79 197 411 8 0 
-48 -88 136 492 5 0 
-16 66 100 435 9 0 
-24 47 290 563 21 0 
-91 76 100 408 7 0 
-27 -65 78 352 3 0 
53 -62 228 486 19 0 
34 76 162 469 21 0 
-38 -80 71 321 10 0 
95 18 294 558 21 0 
-35 -51 167 416 4 0 
-48 35 85 325 18 0 
-60 -68 140 412 17 0 
-36 -70 232 433 10 0 
-85 -89 199 527 16 0 
-76 -3 269 573 3 0 
27 -30 221 502 17 0 
-28 -31 237 543 20 0 
81 18 234 503 14 0 
-13 -85 249 472 17 0 
-41 -96 134 368 13 0 
51 -29 105 336 7 0 
-33 -93 289 488 8 0 
9 90 282 574 14 0 
-71 56 81 380 2 0 
84 -31 106 390 10 0 
-44 -9 226 526 25 0 
-2 -75 242 543 12 0 
40 -93 165 478 14 0 
-89 61 264 485 9 0 
-86 47 122 389 24 0 
-10 -39 268 483 21 0 
-41 78 156 497 13 0 
43 -60 231 524 25 0 
39 -54 265 565 20 0 
21 -79 278 577 6 0 
-33 -37 250 603 25 0 
85 -23 221 441 13 0 
-8 89 111 393 17 0 
-32 -53 146 437 4 0 
-8 90 99 431 19 0 
7 72 210 482 4 0 
37 -82 217 545 16 0 
55 -25 228 539 21 0 
-84 18 163 501 2 0 
-81 -77 120 315 11 0 
48 60 62 300 11 0 
-56 -65 138 446 2 0 
-46 67 278 470 2 0 
-72 -70 256 461 20 0 
-90 -7 138 358 24 0 
-73 79 122 426 9 0 
67 85 264 500 21 0 
-68 -68 105 363 19 0 
-99 -66 170 447 24 0 
-84 -62 243 599 24 0 
-54 -82 125 345 22 0 
-68 97 259 579 10 0 
27 -32 209 403 18 0 
-63 -96 101 405 6 0 
98 -42 187 463 15 0 
-14 -38 199 418 13 0 
-87 68 172 363 1 0 
-27 -39 80 416 4 0 
93 -59 258 588 11 0 
62 -3 211 561 1 0 
-33 67 112 404 2 0 
77 34 188 494 4 0 
-1 82 273 533 18 0 
-24 68 295 605 15 0 
92 -59 291 504 25 0 
80 -44 221 439 13 0 
-35 38 269 452 23 0 
68 24 95 292 3 0 
21 -9 185 415 15 0 
86 -93 265 550 24 0 
-12 -78 211 495 10 0 
-77 -60 181 409 12 0 
-77 47 137 361 1 0 
-70 -55 253 438 3 0 
-98 -45 238 570 20 0 
48 -91 183 429 20 0 
-40 87 100 445 8 0 
84 -53 202 539 5 0 
86 -73 172 389 2 0 
-90 50 275 559 21 0 
-87 -34 164 493 1 0 
-81 -97 220 436 2 0 
27 -34 77 386 10 0 
86 54 176 394 19 0 
-71 -6 78 390 9 0 
-50 51 282 562 3 0 
-98 -86 257 603 1 0 
-37 8 105 412 7 0 
76 82 224 528 20 0 
67 44 247 528 2 0 
89 -67 143 434 15 0 
12 -77 195 396 16 0 
32 79 74 330 17 0 
-85 -74 277 609 16 0 
-2 30 282 609 17 0 
-17 -19 167 521 3 0 
3 98 268 605 4 0 
-87 11 282 468 5 0 
45 -75 93 436 13 0 
71 5 209 392 12 0 
-31 58 222 420 10 0 
65 99 298 530 15 0 
-56 -13 61 364 12 0 
-26 -12 111 440 3 0 
-1 92 295 530 18 0 
-29 -42 71 409 22 0 
0 36 288 501 25 0 
80 -60 285 494 22 0 
-55 26 119 388 12 0 
72 -52 173 406 1 0 
-42 78 215 456 1 0 
38 -18 160 428 1 0 
-49 -35 262 531 17 0 
85 19 153 398 13 0 
2 22 130 432 7 0 
-64 -8 114 385 1 0 
21 4 203 426 20 0 
-13 64 253 542 1 0 
-37 -73 276 518 18 0 
-31 -93 235 507 2 0 
-97 -65 299 549 3 0 
85 52 298 582 25 0 
87 -55 121 380 10 0 
7 -83 107 306 4 0 
-81 81 241 511 10 0 
63 -64 70 349 16 0 
67 -33 96 366 3 0 
81 96 64 260 16 0 
-52 36 64 244 18 0 
87 -44 263 517 7 0 
62 -81 144 499 2 0 
90 -71 235 590 2 0 
74 -63 137 340 11 0 
-73 29 208 546 12 0 
-72 -66 77 379 4 0 
-56 -12 75 357 17 0 
-75 -62 250 592 24 0 
53 -10 102 325 15 0 
-14 54 215 552 8 0 
-33 -34 183 519 18 0 
-15 -74 247 582 17 0 
-21 60 241 516 3 0 
86 -10 186 471 6 0 
42 69 65 331 4 0 
73 -5 240 421 19 0 
-29 57 193 388 4 0 
-69 -46 89 422 17 0 
-57 -71 82 276 12 0 
-88 -61 284 472 15 0 
38 70 288 614 8 0 
75 92 262 518 17 0 
21 -29 108 362 17 0 
-85 97 290 556 17 0 
44 -25 0 
-32 14 0 
37 13 0 
-15 12 0 
32 24 0 
10 -42 0 
0 0 0 
90 170 0