74 2 138 274 16 0 
-28 -17 309 399 18 0 
-50 39 74 232 2 0 
79 82 181 337 15 0 
61 -53 108 245 11 0 
-63 -22 148 241 9 0 
75 -69 304 422 17 0 
22 -83 60 190 21 0 
-86 -27 117 252 17 0 
-81 -39 343 443 8 0 
19 24 392 572 25 0 
-63 16 362 471 22 0 
96 -67 137 299 2 0 
46 82 415 547 23 0 
94 -93 117 296 1 0 
70 83 220 314 24 0 
8 -97 79 250 14 0 
84 83 298 452 23 0 
-31 -53 164 335 6 0 
-76 -30 438 557 8 0 
98 24 241 349 19 0 
72 -61 158 292 8 0 
-52 -54 238 414 1 0 
-82 -24 458 555 4 0 
-34 -7 208 364 13 0 
12 49 103 242 13 0 
65 32 69 208 20 0 
-49 -60 470 628 9 0 
-89 -7 324 504 14 0 
79 34 413 563 7 0 
-92 13 271 437 11 0 
-22 634 176 329 1 0 
57 78 71 251 16 0 
-91 -57 347 464 11 0 
-17 -57 324 504 14 0 
98 74 281 420 12 0 
80 -34 168 291 4 0 
-81 63 441 554 11 0 
72 -98 321 497 19 0 
-96 72 460 581 8 0 
19 83 376 500 7 0 
-95 32 135 238 19 0 
32 -65 213 306 9 0 
-59 49 217 375 24 0 
-21 -62 234 368 20 0 
-51 -88 383 500 6 0 
24 -77 61 227 1 0 
-83 88 357 519 10 0 
50 -81 201 369 15 0 
-49 11 420 534 2 0 
-64 -42 414 548 23 0 
51 32 93 246 2 0 
78 5 67 223 9 0 
49 95 126 282 6 0 
12 -5 211 323 3 0 
-18 68 288 401 17 0 
0 -24 309 399 8 0 
92 -82 129 268 13 0 
92 -12 265 429 22 0 
87 -81 236 416 2 0 
12 35 112 215 9 0 
94 -55 347 482 5 0 
-73 62 455 590 20 0 
77 -47 452 581 18 0 
-50 -72 296 413 4 0 
-88 11 457 558 5 0 
-98 -98 478 580 19 0 
-80 14 144 323 2 0 
-40 -34 470 620 18 0 
18 45 180 326 21 0 
-33 -26 100 236 18 0 
-0 24 400 543 2 0 
71 -76 213 317 20 0 
-93 -8 415 549 13 0 
-62 36 465 595 13 0 
33 -24 275 432 14 0 
-97 -51 88 213 23 0 
-77 -69 231 336 25 0 
-66 -92 447 565 25 0 
29 75 255 355 20 0 
-43 98 316 433 15 0 
-13 -77 423 556 4 0 
-29 -73 316 432 17 0 
-59 79 296 471 5 0 
63 81 478 610 4 0 
89 -76 336 502 20 0 
25 -63 338 479 11 0 
87 72 246 373 5 0 
60 -44 272 437 2 0 
-23 91 229 379 3 0 
40 89 240 401 15 0 
-75 -17 84 190 22 0 
73 75 428 557 2 0 
-74 86 432 548 7 0 
-37 -84 99 236 2 0 
19 -7 300 425 22 0 
50 81 385 481 15 0 
-73 -59 297 424 22 0 
-28 -93 399 520 14 0 
-19 57 69 182 25 0 
19 -91 382 556 7 0 
47 -84 478 655 10 0 
-16 69 466 637 24 0 
-18 33 77 219 20 0 
-67 91 294 406 2 0 
28 73 67 220 21 0 
44 -84 387 516 15 0 
8 -9 118 264 10 0 
-60 -13 398 578 17 0 
-52 -32 79 257 6 0 
-23 -46 234 371 18 0 
16 -65 330 429 14 0 
83 -63 72 228 16 0 
-60 -81 389 485 11 0 
-51 -69 113 263 9 0 
-15 -87 95 211 6 0 
97 54 79 179 22 0 
65 -79 153 271 24 0 
-43 74 236 416 19 0 
60 86 382 525 17 0 
-0 -96 236 390 16 0 
37 75 80 185 7 0 
-15 -86 259 437 12 0 
-11 23 250 392 7 0 
-55 -43 369 466 9 0 
-47 32 359 502 16 0 
-69 2 179 280 1 0 
-29 40 67 161 1 0 
-2 93 446 606 20 0 
-43 90 180 289 3 0 
88 11 108 214 19 0 
7 -98 155 279 8 0 
-54 -79 223 372 1 0 
-77 -43 434 527 2 0 
-84 81 68 223 3 0 
-2 -67 264 384 6 0 
50 78 346 487 7 0 
37 98 296 439 8 0 
-95 62 253 382 17 0 
-59 -6 215 357 5 0 
13 91 406 561 7 0 
-18 -60 377 494 4 0 
75 12 277 370 5 0 
-84 -86 366 494 5 0 
-40 -76 393 512 11 0 
97 61 455 574 23 0 
-58 -74 142 243 1 0 
57 84 134 263 23 0 
-76 -98 434 580 20 0 
-19 -16 140 306 10 0 
-56 -91 461 626 3 0 
61 -50 421 561 25 0 
41 -93 128 247 10 0 
0 68 401 577 12 0 
22 -12 198 317 2 0 
-49 -11 221 392 5 0 
82 -12 142 277 15 0 
-44 -24 192 334 1 0 
-23 -82 72 250 4 0 
-96 -68 183 302 12 0 
-0 -52 298 402 9 0 
77 22 317 494 23 0 
-65 0 257 357 6 0 
-53 -43 391 489 16 0 
-15 -57 245 402 20 0 
-51 -70 84 210 5 0 
-98 42 157 317 24 0 
-89 -62 389 479 1 0 
-81 -26 107 246 18 0 
-49 -87 365 538 16 0 
-12 42 299 395 20 0 
85 10 374 518 4 0 
-16 -37 419 580 3 0 
-39 93 304 450 10 0 
-67 -35 122 267 9 0 
28 83 317 426 24 0 
-51 43 381 524 22 0 
19 63 427 520 9 0 
5 32 363 459 19 0 
49 45 165 298 7 0 
-67 90 220 330 19 0 
-76 -17 261 421 21 0 
88 28 413 580 2 0 
11 -67 104 254 13 0 
67 -39 381 555 22 0 
74 -17 348 509 12 0 
-94 -31 420 527 9 0 
69 45 350 466 20 0 
-99 90 413 577 10 0 
2 -18 395 506 1 0 
-98 97 114 278 11 0 
-8 35 159 296 20 0 
-70 -56 204 350 5 0 
-8 -70 467 596 9 0 
-31 -20 235 361 19 0 
90 91 309 476 4 0 
-69 40 334 425 13 0 
35 -75 105 211 15 0 
-13 52 210 300 22 0 
-80 -18 222 346 11 0 
-49 62 97 249 11 0 
44 -84 480 622 2 0 
-79 -41 297 393 4 0 
44 -72 62 190 16 0 
38 52 425 591 3 0 
-67 -43 239 390 9 0 
87 70 252 379 6 0 
35 -5 133 266 19 0 
78 -87 118 278 7 0 
-69 -91 450 561 20 0 
86 -87 338 516 14 0 
-12 -80 277 430 20 0 
-38 -31 300 396 2 0 
-49 10 244 374 20 0 
10 41 293 440 8 0 
4 97 200 358 10 0 
62 74 472 629 6 0 
-37 95 413 563 7 0 
-31 84 284 410 2 0 
75 56 370 540 15 0 
-40 18 345 470 25 0 
77 18 224 326 25 0 
-10 59 312 430 11 0 
98 -65 74 227 11 0 
-52 -11 78 231 8 0 
-21 -95 476 573 2 0 
15 86 381 542 19 0 
19 -72 102 210 12 0 
-30 63 435 561 20 0 
58 -82 127 251 12 0 
-67 16 106 242 6 0 
-31 -79 313 413 18 0 
-86 97 183 322 25 0 
16 -10 395 567 14 0 
-57 81 312 405 7 0 
-78 40 223 324 6 0 
-86 -68 475 636 13 0 
13 16 188 313 20 0 
-91 48 344 520 12 0 
-15 -64 232 336 12 0 
-18 65 187 307 25 0 
-67 1 63 162 4 0 
-85 64 117 274 20 0 
-68 79 363 534 3 0 
43 75 109 266 4 0 
-53 73 285 385 23 0 
34 -35 282 439 3 0 
80 59 435 578 21 0 
-63 63 471 607 15 0 
89 87 179 274 9 0 
-0 96 239 403 17 0 
55 -97 359 454 13 0 
-44 -60 260 405 9 0 
41 -80 297 408 7 0 
-81 25 184 352 4 0 
-89 7 476 571 4 0 
-91 46 368 467 17 0 
-73 -65 405 554 18 0 
-25 -60 223 346 19 0 
-76 -90 423 599 5 0 
65 96 310 451 16 0 
-14 79 479 573 14 0 
30 -11 107 226 13 0 
45 56 467 631 8 0 
79 -65 250 390 12 0 
-80 99 139 234 7 0 
-61 56 66 208 18 0 
91 32 310 489 8 0 
-52 -46 398 538 25 0 
13 -77 251 411 7 0 
97 71 335 480 6 0 
33 -56 204 331 21 0 
-91 15 179 300 3 0 
3 46 204 339 20 0 
-56 87 69 196 14 0 
69 5 134 247 12 0 
80 -29 426 529 10 0 
22 -8 293 458 17 0 
-98 -5 200 351 23 0 
-92 17 80 218 19 0 
-64 -25 442 539 3 0 
5 53 205 363 13 0 
24 -81 427 554 7 0 
87 35 271 444 7 0 
75 -28 328 474 10 0 
-49 -43 370 476 19 0 
-31 84 173 317 2 0 
20 -14 476 621 1 0 
-89 85 323 463 19 0 
93 17 392 548 19 0 
57 39 237 385 13 0 
-68 -9 87 242 10 0 
-71 -36 289 458 17 0 
-14 89 94 263 10 0 
8 53 389 493 18 0 
60 37 273 385 3 0 
-98 -62 290 443 12 0 
-18 -64 391 541 7 0 
-54 -87 123 217 9 0 
-26 -94 303 415 20 0 
41 -70 477 653 20 0 
-8 45 91 261 21 0 
5 -69 125 295 15 0 
16 13 449 560 7 0 
-68 -37 86 229 22 0 
90 -12 250 421 19 0 
82 56 268 399 16 0 
-73 53 160 305 21 0 
86 51 443 538 4 0 
-38 -2 220 356 20 0 
-31 90 147 273 3 0 
-66 92 173 303 24 0 
-61 207 449 539 1 0 
-70 51 262 417 13 0 
-45 -37 171 286 25 0 
-29 -16 395 505 20 0 
0 14 465 570 17 0 
-50 -0 429 584 23 0 
-86 -40 373 520 5 0 
-56 -90 126 302 1 0 
-98 60 200 291 4 0 
16 -25 345 437 9 0 
-76 -6 182 296 7 0 
58 70 473 629 13 0 
-43 94 270 423 2 0 
-80 -67 162 288 9 0 
48 -82 281 426 6 0 
23 22 192 361 4 0 
-25 84 137 295 4 0 
90 23 377 487 23 0 
-49 76 208 332 25 0 
-74 16 310 457 24 0 
9 -64 462 600 20 0 
-39 17 262 406 18 0 
-0 21 142 261 24 0 
55 -50 218 378 8 0 
54 -37 199 306 18 0 
-73 29 247 422 2 0 
35 -82 268 410 24 0 
58 36 254 381 9 0 
-97 -67 361 504 2 0 
82 11 126 260 8 0 
27 -71 126 252 24 0 
-68 26 313 407 10 0 
-1 26 289 458 5 0 
18 -52 344 467 4 0 
-17 83 124 214 20 0 
78 30 343 461 8 0 
-81 79 336 438 24 0 
-81 74 137 292 18 0 
-47 -83 231 365 16 0 
-2 -72 129 284 20 0 
-16 99 184 341 15 0 
-49 -42 93 210 16 0 
77 -90 332 478 13 0 
-37 -84 114 278 2 0 
74 -48 141 320 4 0 
16 -18 150 240 14 0 
73 -39 218 370 19 0 
-21 84 277 384 7 0 
-11 -18 213 382 12 0 
-16 43 265 385 20 0 
-83 -56 265 409 7 0 
67 4 238 397 9 0 
-29 -85 161 261 11 0 
-57 -88 324 450 25 0 
-88 4 443 617 9 0 
49 1 172 344 11 0 
1 -23 204 332 7 0 
19 -31 137 243 9 0 
-81 67 365 475 8 0 
57 10 172 301 4 0 
-61 6 156 275 18 0 
0 -36 219 358 23 0 
-61 38 81 209 1 0 
-38 -90 111 268 16 0 
-98 -91 479 620 2 0 
17 -11 146 237 9 0 
87 8 155 282 22 0 
-82 -57 151 258 20 0 
43 -44 287 385 9 0 
-85 -22 111 276 20 0 
-99 -33 302 438 6 0 
-9 -4 309 474 23 0 
-3 52 114 241 6 0 
-31 61 80 173 8 0 
-69 84 106 268 13 0 
2 -20 113 273 18 0 
97 14 155 271 4 0 
-13 -90 434 557 14 0 
60 -70 108 255 16 0 
51 -9 137 251 13 0 
83 63 355 525 15 0 
50 -50 353 446 2 0 
67 73 362 502 11 0 
29 -18 284 438 16 0 
-56 48 363 527 20 0 
-73 -23 69 184 12 0 
49 -59 328 475 2 0 
37 99 215 364 4 0 
55 89 261 390 1 0 
-37 52 144 271 3 0 
-41 80 387 502 12 0 
-67 -47 464 588 22 0 
-71 64 280 440 24 0 
30 16 304 465 9 0 
5 -36 354 511 6 0 
-19 -94 251 365 7 0 
94 37 125 286 11 0 
-59 -51 75 254 21 0 
83 -37 154 271 7 0 
-31 76 410 590 16 0 
-21 -62 411 511 23 0 
-38 79 160 316 15 0 
-65 -2 198 343 18 0 
-42 -93 207 330 6 0 
-45 64 220 342 17 0 
20 52 245 407 19 0 
39 -92 300 431 16 0 
-16 -25 200 308 19 0 
-88 99 475 580 8 0 
44 -83 428 537 5 0 
11 29 398 524 13 0 
-87 -31 386 531 1 0 
-23 -49 95 221 15 0 
44 15 464 595 10 0 
77 56 452 559 21 0 
-99 69 433 541 3 0 
70 -10 460 599 15 0 
48 39 87 208 21 0 
-10 -8 390 507 7 0 
5 4 386 537 5 0 
-82 41 139 277 22 0 
-27 -79 430 565 19 0 
50 54 86 212 22 0 
70 27 205 295 18 0 
-37 -28 169 277 7 0 
68 66 182 281 10 0 
-77 71 408 569 8 0 
71 71 385 496 7 0 
-19 39 301 443 3 0 
-92 -64 71 226 12 0 
22 -97 344 504 6 0 
-96 8 190 354 15 0 
17 -69 478 594 14 0 
-57 39 103 245 3 0 
-43 -70 207 356 9 0 
76 -94 368 535 17 0 
-25 -12 98 211 21 0 
-63 -32 104 265 11 0 
-27 30 106 238 25 0 
82 42 166 316 2 0 
-99 -10 282 390 21 0 
-96 -90 438 614 5 0 
75 33 234 411 17 0 
-97 -68 84 238 5 0 
78 95 62 234 12 0 
64 75 212 309 6 0 
-97 40 185 327 9 0 
-41 75 118 283 11 0 
-93 11 384 494 20 0 
56 -95 78 180 21 0 
16 -25 66 162 2 0 
-42 76 64 171 12 0 
-44 78 468 602 21 0 
-70 -50 400 521 6 0 
43 6 289 467 24 0 
55 -58 218 336 24 0 
20 34 156 333 18 0 
-80 -94 351 445 22 0 
-72 99 298 444 12 0 
88 15 129 263 15 0 
-48 -54 375 541 21 0 
-99 18 346 508 11 0 
28 -88 345 469 17 0 
98 -83 114 282 15 0 
-92 -55 444 550 13 0 
-1 36 185 303 12 0 
68 33 204 323 23 0 
-59 76 441 611 20 0 
59 43 139 269 1 0 
-21 27 231 399 20 0 
-76 59 437 615 1 0 
-80 18 212 382 15 0 
30 -61 476 596 19 0 
88 96 156 318 8 0 
7 81 175 321 23 0 
-90 -67 350 502 13 0 
-4 57 375 481 18 0 
-89 97 293 408 22 0 
-27 23 276 434 9 0 
23 8 354 471 18 0 
4 92 244 399 14 0 
90 44 233 393 1 0 
53 -15 160 257 25 0 
-94 -37 395 547 25 0 
83 0 276 389 17 0 
-53 -22 127 239 16 0 
-69 28 245 345 24 0 
-25 -82 129 225 14 0 
81 92 229 387 16 0 
-60 57 472 634 25 0 
-7 97 188 329 25 0 
-13 -57 153 329 4 0 
-34 -48 279 446 24 0 
52 47 72 198 6 0 
-38 3 155 283 25 0 
-83 -97 159 282 5 0 
76 -87 166 335 8 0 
71 -23 284 434 4 0 
-18 67 314 459 4 0 
-45 82 89 202 12 0 
45 -13 477 634 22 0 
-16 -91 138 239 21 0 
79 -48 346 506 11 0 
-22 -80 246 386 8 0 
48 -77 133 286 9 0 
66 44 211 341 5 0 
-84 -79 271 416 6 0 
-52 42 198 371 8 0 
91 8 68 197 17 0 
-70 44 296 394 25 0 
-38 70 235 356 3 0 
78 77 331 473 14 0 
-17 -94 401 509 4 0 
3 31 228 348 16 0 
16 -55 432 573 12 0 
25 -84 435 583 11 0 
-82 -57 120 241 22 0 
-27 61 261 401 9 0 
-86 80 150 319 4 0 
-34 20 303 395 16 0 
95 -61 471 614 8 0 
-85 79 465 635 11 0 
13 -27 213 359 2 0 
-96 35 320 462 18 0 
-62 45 344 486 21 0 
92 -37 330 457 8 0 
-69 32 433 567 10 0 
43 78 97 261 4 0 
-78 -97 151 254 24 0 
63 -28 290 397 25 0 
-50 -7 71 228 2 0 
67 -4 355 501 10 0 
87 68 160 314 20 0 
19 -6 395 515 22 0 
77 37 208 327 11 0 
-30 -37 151 306 1 0 
-32 -57 205 328 18 0 
-88 67 189 280 1 0 
-70 81 301 470 18 0 
78 73 138 257 8 0 
-84 -80 457 635 21 0 
-36 -23 224 395 7 0 
-3 96 86 257 25 0 
-27 27 141 302 5 0 
22 11 414 560 22 0 
-40 83 80 213 24 0 
93 -75 253 352 13 0 
-70 -69 212 302 11 0 
-76 78 220 390 7 0 
-70 -96 135 272 5 0 
-17 95 444 570 10 0 
-89 6 131 263 23 0 
92 27 103 231 16 0 
53 -12 351 499 7 0 
-97 -41 461 622 5 0 
-49 -55 367 547 7 0 
-11 -83 303 444 9 0 
-82 -83 273 406 10 0 
-26 57 136 255 21 0 
-49 93 381 490 20 0 
-54 55 219 324 20 0 
53 -63 384 518 14 0 
51 90 260 406 13 0 
-83 84 295 400 4 0 
-80 3 448 612 19 0 
-91 14 151 269 15 0 
-1 -4 187 366 19 0 
-20 -7 322 491 18 0 
-55 18 467 612 4 0 
73 91 249 339 6 0 
72 56 111 275 22 0 
-45 42 459 583 24 0 
30 -85 124 291 4 0 
65 87 355 459 9 0 
26 -78 344 469 23 0 
-22 42 474 576 20 0 
84 -60 339 456 20 0 
50 93 302 409 21 0 
67 -41 451 567 24 0 
-26 -11 87 195 10 0 
72 55 229 388 15 0 
-10 -81 331 457 2 0 
88 4 472 631 16 0 
95 84 304 422 24 0 
-15 70 373 538 3 0 
34 3 219 371 4 0 
-72 -63 300 461 8 0 
-7 63 310 418 13 0 
38 -76 194 292 23 0 
-7 -17 82 185 15 0 
46 58 448 545 12 0 
15 -24 346 519 9 0 
89 15 244 354 21 0 
8 6 270 439 25 0 
-87 89 259 398 7 0 
-60 48 274 443 13 0 
-87 95 316 483 17 0 
44 -15 102 270 22 0 
47 60 217 359 21 0 
40 -28 287 422 17 0 
-25 57 340 501 10 0 
-19 -88 275 455 21 0 
8 21 331 437 3 0 
-4 -57 100 279 2 0 
-98 -26 126 286 11 0 
-27 12 312 431 14 0 
-30 -58 89 242 6 0 
8 -91 173 287 3 0 
65 -5 163 267 13 0 
54 -96 387 497 6 0 
-97 58 292 385 17 0 
97 81 150 255 23 0 
99 -85 325 490 10 0 
-92 -39 284 403 15 0 
-80 99 372 472 18 0 
-4 89 160 290 25 0 
96 -32 468 593 8 0 
89 60 113 286 10 0 
-21 34 348 484 18 0 
-92 42 421 548 15 0 
26 -63 242 360 24 0 
40 99 200 369 7 0 
4 -64 317 408 23 0 
63 -96 392 560 7 0 
98 25 454 572 11 0 
-56 29 345 447 20 0 
56 57 66 158 7 0 
45 -99 442 603 12 0 
-60 -51 277 383 6 0 
-80 -63 370 481 16 0 
40 50 334 467 10 0 
-98 -32 194 298 13 0 
7 68 442 567 13 0 
18 60 467 607 19 0 
-86 49 117 257 4 0 
23 90 330 428 5 0 
4 -5 248 347 9 0 
-61 -46 337 437 1 0 
52 44 164 319 23 0 
-94 93 399 502 9 0 
-83 49 259 387 18 0 
-17 75 248 424 8 0 
-36 7 293 421 8 0 
-46 15 76 192 13 0 
-6 -91 410 536 18 0 
-51 -15 152 299 8 0 
-6 -49 422 517 6 0 
-89 -96 71 213 2 0 
19 -7 239 409 19 0 
-2 24 150 324 10 0 
-11 -9 360 456 22 0 
-74 1 371 515 12 0 
-21 -28 318 424 12 0 
-73 94 110 269 5 0 
95 0 290 447 12 0 
62 -60 467 636 19 0 
-51 99 75 246 11 0 
-44 93 122 279 9 0 
47 -11 422 513 23 0 
-64 29 378 518 24 0 
-23 3 152 254 2 0 
-62 -45 245 414 16 0 
46 -66 461 598 3 0 
84 38 66 211 5 0 
12 62 403 577 3 0 
-50 -50 344 484 12 0 
-28 -75 447 585 13 0 
-72 -83 153 250 16 0 
-83 61 234 344 17 0 
-11 77 85 209 20 0 
-92 37 172 304 17 0 
-38 -35 396 562 7 0 
-36 -96 475 626 24 0 
-15 88 447 584 19 0 
-48 75 162 310 18 0 
0 -25 319 410 12 0 
-25 71 352 524 19 0 
11 -83 424 565 13 0 
25 64 72 177 9 0 
-33 -28 186 280 12 0 
33 83 320 463 22 0 
-59 -88 194 354 3 0 
90 -92 114 234 19 0 
43 81 186 310 23 0 
52 -92 345 509 19 0 
19 57 434 571 13 0 
-53 69 332 450 1 0 
-88 -96 466 591 21 0 
45 86 99 239 24 0 
87 37 444 553 17 0 
-23 -90 158 249 1 0 
-72 52 64 165 17 0 
-27 88 263 402 13 0 
93 -99 261 374 2 0 
-49 -8 168 291 16 0 
-47 58 94 196 18 0 
-99 86 413 553 25 0 
81 -36 283 440 16 0 
54 23 308 441 15 0 
-94 89 280 386 7 0 
94 1 335 507 7 0 
-67 -38 423 594 22 0 
88 -76 321 479 13 0 
62 -73 116 235 11 0 
-36 62 224 359 2 0 
20 -61 139 236 3 0 
95 -26 170 287 19 0 
12 70 269 359 22 0 
-18 72 448 608 18 0 
-84 -79 423 597 8 0 
-48 -88 352 499 5 0 
-16 66 81 188 9 0 
-24 47 458 631 21 0 
-91 76 204 335 7 0 
-27 -65 86 203 3 0 
53 -62 419 562 19 0 
34 76 346 506 21 0 
-38 -80 406 541 10 0 
95 18 465 641 21 0 
-35 -51 314 446 4 0 
-48 35 267 419 18 0 
-60 -68 343 522 17 0 
-36 -70 214 335 10 0 
-85 -89 151 264 16 0 
-76 -3 147 316 3 0 
27 -30 116 235 17 0 
-28 -31 111 208 20 0 
81 18 353 463 14 0 
-13 -85 323 458 17 0 
-41 -96 219 392 13 0 
51 -29 159 256 7 0 
-33 -93 459 571 8 0 
9 90 207 378 14 0 
-71 56 378 494 2 0 
84 -31 116 249 10 0 
-44 -9 284 456 25 0 
-2 -75 366 461 12 0 
40 -93 347 510 14 0 
-89 61 151 289 9 0 
-86 47 218 314 24 0 
-10 -39 388 529 21 0 
-41 78 182 321 13 0 
43 -60 384 510 25 0 
39 -54 160 327 20 0 
21 -79 441 618 6 0 
-33 -37 334 466 25 0 
85 -23 438 594 13 0 
-8 89 249 421 17 0 
-32 -53 227 335 4 0 
-8 90 159 282 19 0 
7 72 426 536 4 0 
37 -82 289 414 16 0 
55 -25 342 444 21 0 
-84 18 190 366 2 0 
-81 -77 295 432 11 0 
48 60 287 412 11 0 
-56 -65 186 340 2 0 
-46 67 446 564 2 0 
-72 -70 121 250 20 0 
-90 -7 143 273 24 0 
-73 79 416 579 9 0 
67 85 258 368 21 0 
-68 -68 63 229 19 0 
-99 -66 108 212 24 0 
-84 -62 317 435 24 0 
-54 -82 313 474 22 0 
-68 97 123 269 10 0 
27 -32 357 509 18 0 
-63 -96 242 337 6 0 
98 -42 65 212 15 0 
-14 -38 70 249 13 0 
-87 68 434 533 1 0 
-27 -39 436 538 4 0 
93 -59 308 472 11 0 
62 -3 379 539 1 0 
-33 67 462 601 2 0 
77 34 437 559 4 0 
-1 82 441 612 18 0 
-24 68 162 278 15 0 
92 -59 375 477 25 0 
80 -44 222 342 13 0 
-35 38 336 491 23 0 
68 24 162 342 3 0 
21 -9 401 499 15 0 
86 -93 266 441 24 0 
-12 -78 423 573 10 0 
-77 -60 436 606 12 0 
-77 47 356 501 1 0 
-70 -55 400 518 3 0 
-98 -45 115 233 20 0 
48 -91 199 328 20 0 
-40 87 304 427 8 0 
84 -53 430 577 5 0 
86 -73 473 602 2 0 
-90 50 319 448 21 0 
-87 -34 205 340 1 0 
-81 -97 468 603 2 0 
27 -34 434 556 10 0 
86 54 208 378 19 0 
-71 -6 153 271 9 0 
-50 51 72 164 3 0 
-98 -86 311 439 1 0 
-37 8 152 254 7 0 
76 82 201 378 20 0 
67 44 286 456 2 0 
89 -67 314 437 15 0 
12 -77 269 445 16 0 
32 79 339 467 17 0 
-85 -74 319 434 16 0 
-2 30 396 539 17 0 
-17 -19 120 268 3 0 
3 98 161 285 4 0 
-87 11 340 494 5 0 
45 -75 118 226 13 0 
71 5 270 376 12 0 
-31 58 238 373 10 0 
65 99 316 417 15 0 
-56 -13 118 236 12 0 
-26 -12 292 457 3 0 
-1 92 222 345 18 0 
-29 -42 88 192 22 0 
0 36 213 348 25 0 
80 -60 241 383 22 0 
-55 26 158 272 12 0 
72 -52 328 505 1 0 
-42 78 263 414 1 0 
38 -18 140 239 1 0 
-49 -35 93 200 17 0 
85 19 236 357 13 0 
2 22 103 280 7 0 
-64 -8 260 424 1 0 
21 4 477 617 20 0 
-13 64 71 199 1 0 
-37 -73 226 399 18 0 
-31 -93 249 350 2 0 
-97 -65 127 276 3 0 
85 52 76 249 25 0 
87 -55 155 300 10 0 
7 -83 152 244 4 0 
-81 81 412 571 10 0 
63 -64 193 307 16 0 
67 -33 337 451 3 0 
81 96 200 309 16 0 
-52 36 431 592 18 0 
87 -44 461 569 7 0 
62 -81 427 538 2 0 
90 -71 86 211 2 0 
74 -63 337 497 11 0 
-73 29 297 414 12 0 
-72 -66 73 220 4 0 
-56 -12 467 608 17 0 
-75 -62 288 460 24 0 
53 -10 140 290 15 0 
-14 54 282 452 8 0 
-33 -34 118 235 18 0 
-15 -74 313 478 17 0 
-21 60 266 427 3 0 
86 -10 222 343 6 0 
42 69 429 594 4 0 
73 -5 321 439 19 0 
-29 57 272 397 4 0 
-69 -46 447 565 17 0 
-57 -71 328 459 12 0 
-88 -61 253 355 15 0 
38 70 65 184 8 0 
75 92 365 502 17 0 
21 -29 69 163 17 0 
-85 97 126 221 17 0 
44 -25 0 
-32 14 0 
37 13 0 
-15 12 0 
32 24 0 
10 -42 0 
0 0 0 
96 170 0