61 -53 274 599 25 0 
-63 -22 197 420 2 0 
75 -69 93 420 1 0 
22 -83 251 545 14 0 
-86 -27 154 504 5 0 
-81 -39 216 412 4 0 
19 24 96 371 7 0 
-63 16 180 516 2 0 
96 -67 157 452 15 0 
46 82 235 492 13 0 
94 -93 227 585 11 0 
70 83 143 489 9 0 
8 -97 173 509 11 0 
84 83 236 561 11 0 
-31 -53 70 377 25 0 
-76 -30 276 507 13 0 
98 24 145 369 2 0 
72 -61 207 403 19 0 
-52 -54 94 437 3 0 
-82 -24 166 364 7 0 
-34 -7 290 549 7 0 
12 49 80 378 20 0 
65 32 296 550 19 0 
-49 -60 255 605 15 0 
-89 -7 116 441 8 0 
79 34 177 523 11 0 
-92 13 298 519 6 0 
-22 634 79 330 1 0 
57 78 228 521 3 0 
-91 -57 117 433 7 0 
-17 -57 213 520 13 0 
98 74 199 503 2 0 
80 -34 162 439 6 0 
-81 63 223 518 11 0 
72 -98 224 491 18 0 
-96 72 129 407 9 0 
19 83 285 565 23 0 
-95 32 276 477 15 0 
32 -65 180 387 20 0 
-59 49 207 517 14 0 
-21 -62 80 349 3 0 
-51 -88 206 490 8 0 
24 -77 85 361 21 0 
-83 88 143 381 15 0 
50 -81 144 443 8 0 
-49 11 277 555 15 0 
-64 -42 226 437 11 0 
78 5 230 494 7 0 
49 95 265 505 18 0 
12 -5 72 331 12 0 
-18 68 254 509 3 0 
0 -24 117 438 20 0 
92 -82 231 476 7 0 
92 -12 263 575 25 0 
87 -81 291 547 7 0 
94 -55 148 425 24 0 
-73 62 115 334 4 0 
77 -47 141 418 20 0 
-50 -72 241 580 17 0 
-88 11 100 382 3 0 
-98 -98 242 441 1 0 
-80 14 279 472 1 0 
-40 -34 111 424 9 0 
18 45 252 442 20 0 
-33 -26 172 443 1 0 
-0 24 195 435 1 0 
71 -76 166 366 8 0 
-93 -8 300 494 20 0 
-62 36 197 470 14 0 
33 -24 297 653 4 0 
-97 -51 94 365 14 0 
-77 -69 300 595 17 0 
-66 -92 108 335 23 0 
29 75 113 322 5 0 
-43 98 112 378 22 0 
-13 -77 189 499 14 0 
-29 -73 101 284 15 0 
-59 79 276 626 13 0 
63 81 98 335 20 0 
89 -76 200 544 21 0 
25 -63 298 649 21 0 
87 72 237 565 21 0 
60 -44 212 522 5 0 
-23 91 62 278 3 0 
40 89 256 465 8 0 
-75 -17 107 338 13 0 
73 75 87 401 20 0 
-74 86 157 355 7 0 
-37 -84 116 423 13 0 
19 -7 232 538 15 0 
50 81 275 462 14 0 
-73 -59 268 595 11 0 
-28 -93 193 523 5 0 
-19 57 178 530 23 0 
19 -91 148 459 7 0 
47 -84 111 381 24 0 
-16 69 144 492 3 0 
-18 33 70 422 9 0 
-67 91 251 547 21 0 
28 73 192 382 20 0 
44 -84 283 510 16 0 
8 -9 205 565 9 0 
-60 -13 66 271 6 0 
-23 -46 231 530 16 0 
16 -65 240 573 21 0 
83 -63 158 494 15 0 
-60 -81 197 417 22 0 
-51 -69 281 618 24 0 
-15 -87 186 401 2 0 
97 54 71 359 25 0 
65 -79 200 469 5 0 
-43 74 265 458 20 0 
60 86 206 514 9 0 
-0 -96 113 303 17 0 
37 75 164 361 2 0 
-15 -86 84 407 19 0 
-11 23 229 477 23 0 
-55 -43 211 543 13 0 
-47 32 260 600 23 0 
-69 2 184 414 6 0 
-29 40 106 371 21 0 
-2 93 233 524 2 0 
-43 90 104 425 12 0 
88 11 119 335 11 0 
7 -98 96 335 3 0 
-54 -79 280 573 19 0 
-77 -43 253 527 4 0 
-84 81 201 469 17 0 
-2 -67 250 604 9 0 
50 78 249 453 3 0 
37 98 124 458 14 0 
-95 62 171 479 18 0 
-59 -6 96 334 16 0 
13 91 215 434 16 0 
-18 -60 297 622 23 0 
75 12 293 481 18 0 
-84 -86 155 407 21 0 
-40 -76 185 371 3 0 
97 61 102 355 6 0 
-58 -74 105 339 18 0 
57 84 252 542 9 0 
-76 -98 150 390 16 0 
-19 -16 180 462 2 0 
-56 -91 251 448 16 0 
61 -50 95 330 9 0 
41 -93 171 466 8 0 
0 68 79 386 12 0 
22 -12 204 438 10 0 
-49 -11 288 498 17 0 
82 -12 172 388 24 0 
-44 -24 189 414 17 0 
-23 -82 175 387 22 0 
-96 -68 171 352 15 0 
-0 -52 159 507 17 0 
77 22 243 556 15 0 
-65 0 123 358 24 0 
-53 -43 205 442 25 0 
-15 -57 109 317 9 0 
-51 -70 203 521 15 0 
-98 42 202 412 16 0 
-89 -62 127 427 12 0 
-81 -26 226 519 20 0 
-49 -87 159 370 14 0 
-12 42 126 331 11 0 
85 10 95 400 13 0 
-16 -37 170 500 13 0 
-39 93 178 476 10 0 
-67 -35 86 332 16 0 
28 83 191 491 6 0 
-51 43 92 390 22 0 
19 63 192 519 12 0 
5 32 98 323 25 0 
-67 90 82 271 7 0 
-76 -17 199 423 1 0 
88 28 152 499 6 0 
11 -67 63 287 18 0 
67 -39 71 266 22 0 
74 -17 137 354 21 0 
-94 -31 124 377 1 0 
69 45 67 361 2 0 
-99 90 241 535 25 0 
2 -18 160 507 5 0 
-98 97 115 393 4 0 
-8 35 229 446 3 0 
-70 -56 60 354 10 0 
-8 -70 286 554 13 0 
90 91 75 259 19 0 
-69 40 98 410 8 0 
35 -75 265 550 9 0 
-13 52 233 440 4 0 
-80 -18 119 429 23 0 
-49 62 258 547 23 0 
44 -84 83 321 11 0 
-79 -41 245 546 16 0 
44 -72 87 291 5 0 
-67 -43 275 588 6 0 
87 70 244 436 23 0 
35 -5 105 441 5 0 
78 -87 150 498 22 0 
-69 -91 158 500 9 0 
86 -87 210 408 12 0 
-12 -80 257 488 19 0 
-49 10 90 332 4 0 
4 97 147 470 18 0 
62 74 136 337 25 0 
-37 95 195 507 13 0 
-31 84 292 606 1 0 
75 56 285 579 19 0 
-40 18 255 541 16 0 
77 18 268 603 1 0 
-10 59 103 373 24 0 
98 -65 270 603 20 0 
-52 -11 142 418 18 0 
-21 -95 173 386 18 0 
15 86 221 491 14 0 
19 -72 125 416 19 0 
-30 63 113 342 3 0 
58 -82 132 476 23 0 
-67 16 263 596 15 0 
-31 -79 247 574 10 0 
-86 97 109 382 9 0 
16 -10 233 592 16 0 
-57 81 92 408 17 0 
-78 40 107 296 1 0 
-86 -68 93 434 12 0 
13 16 146 381 6 0 
-91 48 264 505 8 0 
-15 -64 78 324 25 0 
-18 65 253 516 15 0 
-67 1 266 619 1 0 
-85 64 240 497 1 0 
-68 79 69 429 7 0 
43 75 297 604 14 0 
-53 73 154 356 4 0 
34 -35 160 500 10 0 
80 59 62 399 14 0 
-63 63 162 437 12 0 
89 87 264 488 19 0 
-0 96 64 319 4 0 
55 -97 103 427 15 0 
-44 -60 155 422 7 0 
41 -80 260 459 2 0 
-81 25 199 505 11 0 
-89 7 149 503 13 0 
-91 46 153 372 5 0 
-73 -65 261 454 23 0 
-25 -60 187 407 18 0 
-76 -90 142 487 24 0 
65 96 102 369 6 0 
-14 79 261 568 1 0 
30 -11 239 458 3 0 
79 -65 221 561 24 0 
-80 99 198 475 2 0 
-61 56 122 332 9 0 
91 32 191 437 7 0 
-52 -46 190 485 2 0 
13 -77 278 559 6 0 
33 -56 204 432 6 0 
-91 15 73 391 20 0 
3 46 221 480 6 0 
-56 87 278 468 13 0 
69 5 242 452 21 0 
80 -29 228 554 13 0 
22 -8 94 450 6 0 
-98 -5 296 531 19 0 
-92 17 92 409 9 0 
-64 -25 300 480 3 0 
5 53 280 486 15 0 
24 -81 225 457 19 0 
87 35 273 482 21 0 
75 -28 296 523 3 0 
-49 -43 66 332 9 0 
-31 84 86 364 15 0 
20 -14 293 563 12 0 
-89 85 250 596 24 0 
93 17 216 542 6 0 
57 39 149 341 3 0 
-71 -36 105 462 22 0 
-14 89 181 504 24 0 
8 53 110 461 6 0 
-98 -62 184 486 7 0 
-18 -64 268 608 15 0 
-54 -87 220 545 1 0 
-26 -94 83 374 5 0 
41 -70 196 418 21 0 
-8 45 87 325 4 0 
5 -69 208 567 24 0 
16 13 254 507 20 0 
-68 -37 247 510 4 0 
90 -12 242 508 22 0 
82 56 231 413 24 0 
-73 53 189 370 24 0 
86 51 215 526 20 0 
-38 -2 239 554 14 0 
-31 90 211 393 17 0 
-66 92 131 442 18 0 
-61 207 248 528 1 0 
-70 51 178 377 19 0 
-45 -37 89 321 6 0 
0 14 158 410 12 0 
-50 -0 110 374 12 0 
-86 -40 253 552 24 0 
-56 -90 80 342 25 0 
-98 60 140 425 15 0 
16 -25 262 591 6 0 
-76 -6 64 361 6 0 
58 70 187 405 7 0 
-43 94 113 439 23 0 
-80 -67 187 382 2 0 
48 -82 108 403 4 0 
23 22 110 366 10 0 
-25 84 90 444 1 0 
90 23 139 490 23 0 
-49 76 102 382 2 0 
-74 16 271 549 6 0 
9 -64 290 643 3 0 
-39 17 181 486 16 0 
-0 21 141 400 1 0 
55 -50 218 408 17 0 
54 -37 180 489 14 0 
-73 29 169 470 24 0 
35 -82 168 504 3 0 
58 36 202 527 24 0 
-97 -67 227 407 17 0 
82 11 232 585 6 0 
27 -71 238 529 1 0 
-68 26 237 518 23 0 
-1 26 148 451 7 0 
18 -52 290 549 12 0 
-17 83 232 497 20 0 
78 30 193 453 11 0 
-81 79 224 531 2 0 
-81 74 106 297 6 0 
-47 -83 264 512 8 0 
-2 -72 104 351 5 0 
-16 99 269 603 25 0 
-49 -42 73 279 14 0 
77 -90 171 359 11 0 
-37 -84 209 557 22 0 
74 -48 74 296 24 0 
16 -18 90 362 20 0 
73 -39 201 475 23 0 
-21 84 147 410 10 0 
-11 -18 167 371 17 0 
-16 43 155 342 1 0 
-83 -56 153 430 13 0 
67 4 82 277 2 0 
-29 -85 207 502 12 0 
-57 -88 224 562 10 0 
-88 4 181 454 21 0 
49 1 298 584 4 0 
1 -23 222 559 23 0 
19 -31 118 362 7 0 
-81 67 100 327 20 0 
57 10 296 648 18 0 
-61 6 199 486 23 0 
0 -36 267 531 7 0 
-61 38 117 385 20 0 
-38 -90 142 420 20 0 
-98 -91 248 550 16 0 
17 -11 271 628 9 0 
87 8 255 501 19 0 
-82 -57 107 453 9 0 
43 -44 110 436 12 0 
-85 -22 185 366 4 0 
-99 -33 63 335 24 0 
-3 52 137 331 20 0 
-31 61 125 369 4 0 
-69 84 62 293 12 0 
2 -20 113 446 20 0 
97 14 86 362 21 0 
-13 -90 298 553 3 0 
60 -70 230 545 20 0 
51 -9 84 432 5 0 
83 63 224 428 4 0 
50 -50 158 431 22 0 
67 73 183 423 4 0 
29 -18 134 379 11 0 
-56 48 245 471 10 0 
-73 -23 274 614 14 0 
49 -59 135 480 4 0 
37 99 178 456 24 0 
55 89 237 589 11 0 
-37 52 191 381 18 0 
-41 80 131 421 23 0 
-67 -47 243 545 16 0 
-71 64 116 397 13 0 
30 16 105 435 21 0 
5 -36 62 299 21 0 
-19 -94 284 644 18 0 
94 37 183 452 11 0 
-59 -51 171 373 14 0 
83 -37 255 585 23 0 
-31 76 260 493 15 0 
-21 -62 178 362 22 0 
-38 79 99 379 18 0 
-65 -2 294 502 9 0 
-42 -93 64 342 6 0 
-45 64 159 459 12 0 
39 -92 183 479 24 0 
-16 -25 158 379 20 0 
-88 99 199 510 8 0 
44 -83 200 558 14 0 
11 29 216 558 1 0 
-87 -31 189 420 11 0 
-23 -49 282 487 10 0 
44 15 134 356 15 0 
77 56 183 398 2 0 
-99 69 243 433 3 0 
70 -10 91 290 9 0 
-10 -8 284 640 6 0 
5 4 294 636 6 0 
-82 41 219 470 4 0 
-27 -79 81 343 22 0 
70 27 143 485 9 0 
-37 -28 155 487 25 0 
68 66 131 329 12 0 
-77 71 71 380 1 0 
71 71 97 368 2 0 
-19 39 141 403 4 0 
44 -25 0 
-32 14 0 
37 13 0 
-15 12 0 
32 24 0 
10 -42 0 
37 1 0 
-33 -14 0 
-8 -4 0 
-25 19 0 
23 39 0 
41 45 0 
0 0 0 
48 200 0