61 -53 253 378 25 0 
-63 -22 103 262 2 0 
75 -69 337 502 1 0 
22 -83 207 329 14 0 
-86 -27 80 222 5 0 
-81 -39 262 413 4 0 
19 24 295 418 7 0 
-63 16 340 456 2 0 
96 -67 418 576 15 0 
46 82 422 598 13 0 
94 -93 240 349 11 0 
70 83 185 326 9 0 
8 -97 121 287 11 0 
84 83 204 369 11 0 
-31 -53 76 198 25 0 
-76 -30 73 201 13 0 
98 24 364 474 2 0 
72 -61 400 517 19 0 
-52 -54 466 639 3 0 
-82 -24 273 377 7 0 
-34 -7 172 347 7 0 
12 49 313 433 20 0 
65 32 271 434 19 0 
-49 -60 470 622 15 0 
-89 -7 352 515 8 0 
79 34 278 422 11 0 
-92 13 112 205 6 0 
-22 634 223 370 1 0 
57 78 346 484 3 0 
-91 -57 162 302 7 0 
-17 -57 189 357 13 0 
98 74 209 325 2 0 
80 -34 264 405 6 0 
-81 63 369 520 11 0 
72 -98 188 349 18 0 
-96 72 463 590 9 0 
19 83 392 496 23 0 
-95 32 401 512 15 0 
32 -65 281 371 20 0 
-59 49 123 217 14 0 
-21 -62 286 428 3 0 
-51 -88 364 527 8 0 
24 -77 195 374 21 0 
-83 88 164 265 15 0 
50 -81 209 318 8 0 
-49 11 268 430 15 0 
-64 -42 141 233 11 0 
78 5 123 279 7 0 
49 95 144 301 18 0 
12 -5 390 507 12 0 
-18 68 171 307 3 0 
0 -24 176 275 20 0 
92 -82 406 586 7 0 
92 -12 66 185 25 0 
87 -81 369 501 7 0 
94 -55 330 503 24 0 
-73 62 411 576 4 0 
77 -47 416 596 20 0 
-50 -72 302 403 17 0 
-88 11 452 616 3 0 
-98 -98 81 179 1 0 
-80 14 270 414 1 0 
-40 -34 453 567 9 0 
18 45 362 471 20 0 
-33 -26 163 316 1 0 
-0 24 401 491 1 0 
71 -76 296 455 8 0 
-93 -8 315 410 20 0 
-62 36 333 471 14 0 
33 -24 441 604 4 0 
-97 -51 99 208 14 0 
-77 -69 201 310 17 0 
-66 -92 333 478 23 0 
29 75 82 186 5 0 
-43 98 421 535 22 0 
-13 -77 275 452 14 0 
-29 -73 190 281 15 0 
-59 79 470 607 13 0 
63 81 174 319 20 0 
89 -76 453 566 21 0 
25 -63 136 252 21 0 
87 72 263 382 21 0 
60 -44 279 397 5 0 
-23 91 60 199 3 0 
40 89 187 293 8 0 
-75 -17 265 389 13 0 
73 75 131 292 20 0 
-74 86 99 265 7 0 
-37 -84 473 585 13 0 
19 -7 256 393 15 0 
50 81 279 448 14 0 
-73 -59 300 433 11 0 
-28 -93 104 201 5 0 
-19 57 188 294 23 0 
19 -91 450 596 7 0 
47 -84 132 265 24 0 
-16 69 234 371 3 0 
-18 33 298 468 9 0 
-67 91 196 305 21 0 
28 73 201 300 20 0 
44 -84 223 351 16 0 
8 -9 375 517 9 0 
-60 -13 276 424 6 0 
-23 -46 73 241 16 0 
16 -65 69 174 21 0 
83 -63 140 314 15 0 
-60 -81 353 506 22 0 
-51 -69 305 424 24 0 
-15 -87 429 598 2 0 
97 54 385 536 25 0 
65 -79 142 281 5 0 
-43 74 313 438 20 0 
60 86 383 514 9 0 
-0 -96 124 246 17 0 
37 75 297 456 2 0 
-15 -86 122 229 19 0 
-11 23 119 219 23 0 
-55 -43 431 543 13 0 
-47 32 144 323 23 0 
-69 2 315 469 6 0 
-29 40 72 181 21 0 
-2 93 330 464 2 0 
-43 90 66 194 12 0 
88 11 456 624 11 0 
7 -98 268 359 3 0 
-54 -79 96 249 19 0 
-77 -43 462 591 4 0 
-84 81 434 613 17 0 
-2 -67 429 571 9 0 
50 78 345 465 3 0 
37 98 316 448 14 0 
-95 62 274 392 18 0 
-59 -6 130 260 16 0 
13 91 61 167 16 0 
-18 -60 371 491 23 0 
75 12 312 470 18 0 
-84 -86 470 627 21 0 
-40 -76 412 562 3 0 
97 61 118 255 6 0 
-58 -74 405 556 18 0 
57 84 354 507 9 0 
-76 -98 89 239 16 0 
-19 -16 90 243 2 0 
-56 -91 269 398 16 0 
61 -50 233 325 9 0 
41 -93 224 388 8 0 
0 68 153 264 12 0 
22 -12 151 320 10 0 
-49 -11 244 414 17 0 
82 -12 411 508 24 0 
-44 -24 447 600 17 0 
-23 -82 396 498 22 0 
-96 -68 245 411 15 0 
-0 -52 408 569 17 0 
77 22 476 577 15 0 
-65 0 369 494 24 0 
-53 -43 253 392 25 0 
-15 -57 294 446 9 0 
-51 -70 186 292 15 0 
-98 42 324 485 16 0 
-89 -62 251 349 12 0 
-81 -26 365 479 20 0 
-49 -87 341 488 14 0 
-12 42 423 572 11 0 
85 10 205 366 13 0 
-16 -37 453 560 13 0 
-39 93 326 498 10 0 
-67 -35 101 193 16 0 
28 83 298 440 6 0 
-51 43 226 316 22 0 
19 63 77 217 12 0 
5 32 97 218 25 0 
-67 90 269 402 7 0 
-76 -17 69 168 1 0 
88 28 310 405 6 0 
11 -67 65 163 18 0 
67 -39 254 394 22 0 
74 -17 236 404 21 0 
-94 -31 415 528 1 0 
69 45 448 578 2 0 
-99 90 65 243 25 0 
2 -18 420 596 5 0 
-98 97 349 469 4 0 
-8 35 246 393 3 0 
-70 -56 387 487 10 0 
-8 -70 124 287 13 0 
90 91 437 589 19 0 
-69 40 161 320 8 0 
35 -75 353 458 9 0 
-13 52 385 561 4 0 
-80 -18 444 546 23 0 
-49 62 211 370 23 0 
44 -84 327 493 11 0 
-79 -41 300 460 16 0 
44 -72 104 207 5 0 
-67 -43 149 321 6 0 
87 70 368 541 23 0 
35 -5 428 552 5 0 
78 -87 471 621 22 0 
-69 -91 473 644 9 0 
86 -87 472 624 12 0 
-12 -80 194 306 19 0 
-49 10 381 492 4 0 
4 97 384 542 18 0 
62 74 338 476 25 0 
-37 95 138 281 13 0 
-31 84 254 345 1 0 
75 56 366 486 19 0 
-40 18 158 259 16 0 
77 18 433 551 1 0 
-10 59 141 306 24 0 
98 -65 308 422 20 0 
-52 -11 396 544 18 0 
-21 -95 408 531 18 0 
15 86 302 395 14 0 
19 -72 308 432 19 0 
-30 63 461 559 3 0 
58 -82 113 237 23 0 
-67 16 428 564 15 0 
-31 -79 68 219 10 0 
-86 97 116 213 9 0 
16 -10 189 301 16 0 
-57 81 119 213 17 0 
-78 40 273 423 1 0 
-86 -68 261 441 12 0 
13 16 312 460 6 0 
-91 48 411 503 8 0 
-15 -64 224 350 25 0 
-18 65 424 600 15 0 
-67 1 387 542 1 0 
-85 64 133 228 1 0 
-68 79 451 551 7 0 
43 75 203 351 14 0 
-53 73 126 227 4 0 
34 -35 404 532 10 0 
80 59 162 288 14 0 
-63 63 209 312 12 0 
89 87 281 416 19 0 
-0 96 260 359 4 0 
55 -97 89 263 15 0 
-44 -60 117 266 7 0 
41 -80 438 585 2 0 
-81 25 196 316 11 0 
-89 7 101 251 13 0 
-91 46 319 449 5 0 
-73 -65 306 454 23 0 
-25 -60 293 395 18 0 
-76 -90 93 228 24 0 
65 96 343 461 6 0 
-14 79 373 536 1 0 
30 -11 389 480 3 0 
79 -65 343 486 24 0 
-80 99 359 514 2 0 
-61 56 395 509 9 0 
91 32 204 370 7 0 
-52 -46 311 434 2 0 
13 -77 65 193 6 0 
33 -56 194 304 6 0 
-91 15 370 511 20 0 
3 46 408 535 6 0 
-56 87 419 541 13 0 
69 5 374 479 21 0 
80 -29 384 494 13 0 
22 -8 151 326 6 0 
-98 -5 414 525 19 0 
-92 17 108 278 9 0 
-64 -25 266 446 3 0 
5 53 191 348 15 0 
24 -81 145 285 19 0 
87 35 97 193 21 0 
75 -28 345 486 3 0 
-49 -43 90 205 9 0 
-31 84 275 409 15 0 
20 -14 434 558 12 0 
-89 85 256 362 24 0 
93 17 269 447 6 0 
57 39 331 422 3 0 
-71 -36 353 450 22 0 
-14 89 325 429 24 0 
8 53 345 450 6 0 
-98 -62 463 627 7 0 
-18 -64 296 406 15 0 
-54 -87 210 353 1 0 
-26 -94 368 508 5 0 
41 -70 352 497 21 0 
-8 45 72 179 4 0 
5 -69 366 491 24 0 
16 13 96 194 20 0 
-68 -37 238 388 4 0 
90 -12 263 357 22 0 
82 56 159 281 24 0 
-73 53 377 499 24 0 
86 51 85 210 20 0 
-38 -2 460 611 14 0 
-31 90 370 488 17 0 
-66 92 451 550 18 0 
-61 207 409 583 1 0 
-70 51 107 281 19 0 
-45 -37 395 550 6 0 
0 14 339 512 12 0 
-50 -0 386 557 12 0 
-86 -40 420 590 24 0 
-56 -90 473 604 25 0 
-98 60 181 311 15 0 
16 -25 209 382 6 0 
-76 -6 154 319 6 0 
58 70 129 232 7 0 
-43 94 420 514 23 0 
-80 -67 105 243 2 0 
48 -82 406 521 4 0 
23 22 286 439 10 0 
-25 84 372 530 1 0 
90 23 124 274 23 0 
-49 76 460 633 2 0 
-74 16 86 260 6 0 
9 -64 207 299 3 0 
-39 17 86 247 16 0 
-0 21 288 467 1 0 
55 -50 80 251 17 0 
54 -37 154 303 14 0 
-73 29 101 192 24 0 
35 -82 207 324 3 0 
58 36 148 299 24 0 
-97 -67 444 595 17 0 
82 11 64 155 6 0 
27 -71 297 437 1 0 
-68 26 287 402 23 0 
-1 26 455 616 7 0 
18 -52 126 265 12 0 
-17 83 109 218 20 0 
78 30 156 294 11 0 
-81 79 429 522 2 0 
-81 74 215 317 6 0 
-47 -83 439 544 8 0 
-2 -72 325 432 5 0 
-16 99 456 595 25 0 
-49 -42 307 458 14 0 
77 -90 434 613 11 0 
-37 -84 247 358 22 0 
74 -48 384 480 24 0 
16 -18 420 594 20 0 
73 -39 163 258 23 0 
-21 84 359 538 10 0 
-11 -18 479 581 17 0 
-16 43 224 334 1 0 
-83 -56 115 209 13 0 
67 4 256 404 2 0 
-29 -85 189 301 12 0 
-57 -88 220 366 10 0 
-88 4 198 290 21 0 
49 1 358 529 4 0 
1 -23 416 590 23 0 
19 -31 249 395 7 0 
-81 67 77 250 20 0 
57 10 397 527 18 0 
-61 6 346 505 23 0 
0 -36 355 498 7 0 
-61 38 158 262 20 0 
-38 -90 260 380 20 0 
-98 -91 443 599 16 0 
17 -11 102 212 9 0 
87 8 193 290 19 0 
-82 -57 71 165 9 0 
43 -44 137 305 12 0 
-85 -22 383 560 4 0 
-99 -33 292 428 24 0 
-3 52 471 562 20 0 
-31 61 81 246 4 0 
-69 84 158 332 12 0 
2 -20 225 387 20 0 
97 14 383 527 21 0 
-13 -90 235 404 3 0 
60 -70 450 626 20 0 
51 -9 312 465 5 0 
83 63 349 461 4 0 
50 -50 396 563 22 0 
67 73 291 417 4 0 
29 -18 341 487 11 0 
-56 48 171 351 10 0 
-73 -23 405 536 14 0 
49 -59 325 433 4 0 
37 99 126 222 24 0 
55 89 297 471 11 0 
-37 52 340 520 18 0 
-41 80 435 572 23 0 
-67 -47 132 277 16 0 
-71 64 306 459 13 0 
30 16 78 202 21 0 
5 -36 306 458 21 0 
-19 -94 129 229 18 0 
94 37 335 436 11 0 
-59 -51 130 274 14 0 
83 -37 67 184 23 0 
-31 76 312 485 15 0 
-21 -62 119 232 22 0 
-38 79 378 496 18 0 
-65 -2 89 214 9 0 
-42 -93 143 240 6 0 
-45 64 284 438 12 0 
39 -92 205 304 24 0 
-16 -25 155 285 20 0 
-88 99 117 214 8 0 
44 -83 423 527 14 0 
11 29 409 508 1 0 
-87 -31 174 329 11 0 
-23 -49 281 443 10 0 
44 15 414 551 15 0 
77 56 322 426 2 0 
-99 69 220 356 3 0 
70 -10 406 583 9 0 
-10 -8 229 347 6 0 
5 4 437 543 6 0 
-82 41 322 413 4 0 
-27 -79 189 339 22 0 
70 27 460 637 9 0 
-37 -28 98 237 25 0 
68 66 231 378 12 0 
-77 71 353 502 1 0 
71 71 348 475 2 0 
-19 39 353 508 4 0 
44 -25 0 
-32 14 0 
37 13 0 
-15 12 0 
32 24 0 
10 -42 0 
37 1 0 
-33 -14 0 
-8 -4 0 
-25 19 0 
23 39 0 
41 45 0 
0 0 0 
48 200 0