61 -53 273 431 2 0 
-63 -22 270 361 23 0 
75 -69 199 319 24 0 
22 -83 233 360 12 0 
-86 -27 348 453 22 0 
-81 -39 247 366 5 0 
19 24 377 539 17 0 
-63 16 150 289 13 0 
96 -67 411 566 18 0 
46 82 474 620 25 0 
94 -93 136 299 19 0 
70 83 100 237 13 0 
8 -97 103 256 19 0 
84 83 140 311 15 0 
-31 -53 131 263 7 0 
-76 -30 213 312 17 0 
98 24 111 225 2 0 
72 -61 473 600 14 0 
-52 -54 456 596 5 0 
-82 -24 348 507 23 0 
-34 -7 135 242 10 0 
12 49 339 486 6 0 
65 32 130 266 24 0 
-49 -60 297 446 4 0 
-89 -7 264 392 4 0 
79 34 164 312 16 0 
-92 13 115 275 7 0 
-22 634 372 497 1 0 
57 78 149 246 22 0 
-91 -57 114 264 4 0 
-17 -57 191 364 16 0 
98 74 382 477 17 0 
80 -34 244 335 6 0 
-81 63 372 467 22 0 
72 -98 478 629 1 0 
-96 72 118 295 3 0 
19 83 149 302 13 0 
-95 32 287 457 14 0 
32 -65 188 343 13 0 
-59 49 139 302 22 0 
-21 -62 107 198 24 0 
-51 -88 423 582 3 0 
24 -77 339 511 1 0 
-83 88 66 180 10 0 
50 -81 208 323 23 0 
-49 11 184 306 15 0 
-64 -42 439 592 5 0 
78 5 425 533 24 0 
49 95 448 604 15 0 
12 -5 422 546 11 0 
-18 68 464 575 13 0 
0 -24 198 337 11 0 
92 -82 473 596 15 0 
92 -12 183 275 22 0 
87 -81 427 603 14 0 
94 -55 214 314 9 0 
-73 62 161 268 17 0 
77 -47 257 401 1 0 
-50 -72 202 340 22 0 
-88 11 312 404 21 0 
-98 -98 440 535 21 0 
-80 14 326 446 4 0 
-40 -34 400 526 9 0 
18 45 202 333 9 0 
-33 -26 265 356 21 0 
-0 24 438 590 19 0 
71 -76 201 349 19 0 
-93 -8 326 471 3 0 
-62 36 176 348 7 0 
33 -24 281 374 11 0 
-97 -51 351 514 14 0 
-77 -69 326 473 6 0 
-66 -92 416 583 25 0 
29 75 68 188 7 0 
-43 98 168 304 17 0 
-13 -77 253 396 5 0 
-29 -73 233 413 5 0 
-59 79 326 481 17 0 
63 81 69 239 18 0 
89 -76 160 263 10 0 
25 -63 442 554 23 0 
87 72 263 370 6 0 
60 -44 376 503 1 0 
-23 91 264 408 9 0 
40 89 75 219 17 0 
-75 -17 242 414 14 0 
73 75 252 374 6 0 
-74 86 148 301 22 0 
-37 -84 79 209 3 0 
19 -7 374 550 1 0 
50 81 163 330 21 0 
-73 -59 179 291 12 0 
-28 -93 478 627 23 0 
-19 57 357 530 19 0 
19 -91 60 161 16 0 
47 -84 376 513 8 0 
-16 69 192 331 9 0 
-18 33 169 283 5 0 
-67 91 418 552 2 0 
28 73 400 559 18 0 
44 -84 235 348 25 0 
8 -9 222 321 22 0 
-60 -13 81 240 7 0 
-23 -46 349 486 9 0 
16 -65 460 589 1 0 
83 -63 356 464 17 0 
-60 -81 308 423 16 0 
-51 -69 354 472 20 0 
-15 -87 90 247 11 0 
97 54 328 436 18 0 
65 -79 392 530 4 0 
-43 74 349 489 3 0 
60 86 425 585 21 0 
-0 -96 97 227 8 0 
37 75 382 516 20 0 
-15 -86 91 205 23 0 
-11 23 350 489 9 0 
-55 -43 138 309 22 0 
-47 32 446 621 8 0 
-69 2 91 253 19 0 
-29 40 347 456 19 0 
-2 93 263 422 17 0 
-43 90 180 356 6 0 
88 11 99 259 6 0 
7 -98 345 440 14 0 
-54 -79 125 253 20 0 
-77 -43 77 188 21 0 
-84 81 330 495 1 0 
-2 -67 173 303 15 0 
50 78 389 513 23 0 
37 98 459 621 2 0 
-95 62 65 221 22 0 
-59 -6 304 465 8 0 
13 91 342 467 19 0 
-18 -60 281 450 23 0 
75 12 465 566 3 0 
-84 -86 185 280 13 0 
-40 -76 85 198 10 0 
97 61 313 475 18 0 
-58 -74 348 495 14 0 
57 84 101 200 1 0 
-76 -98 93 203 25 0 
-19 -16 239 381 9 0 
-56 -91 468 598 13 0 
61 -50 390 513 23 0 
41 -93 371 485 13 0 
0 68 80 219 5 0 
22 -12 456 566 9 0 
-49 -11 261 383 12 0 
82 -12 171 330 16 0 
-44 -24 360 511 14 0 
-23 -82 353 479 2 0 
-96 -68 260 410 24 0 
-0 -52 411 573 20 0 
77 22 236 352 6 0 
-65 0 338 454 9 0 
-53 -43 224 392 10 0 
-15 -57 99 193 19 0 
-51 -70 247 403 24 0 
-98 42 427 607 23 0 
-89 -62 380 510 4 0 
-81 -26 275 399 1 0 
-49 -87 423 518 4 0 
-12 42 154 313 1 0 
85 10 191 299 14 0 
-16 -37 280 407 24 0 
-39 93 149 282 19 0 
-67 -35 81 224 12 0 
28 83 370 537 1 0 
-51 43 146 237 7 0 
19 63 153 283 4 0 
5 32 478 577 24 0 
-67 90 210 342 14 0 
-76 -17 115 211 9 0 
88 28 98 202 5 0 
11 -67 279 369 17 0 
67 -39 472 576 11 0 
74 -17 303 482 11 0 
-94 -31 471 642 9 0 
69 45 325 474 6 0 
-99 90 428 561 24 0 
2 -18 146 309 20 0 
-98 97 170 287 4 0 
-8 35 367 489 5 0 
-70 -56 380 483 3 0 
-8 -70 411 511 12 0 
90 91 151 311 13 0 
-69 40 476 571 3 0 
35 -75 172 270 13 0 
-13 52 87 177 1 0 
-80 -18 294 402 3 0 
-49 62 105 199 5 0 
44 -84 299 450 7 0 
-79 -41 425 527 21 0 
44 -72 405 554 17 0 
-67 -43 347 506 21 0 
87 70 223 365 7 0 
35 -5 209 305 24 0 
78 -87 216 336 20 0 
-69 -91 384 552 17 0 
86 -87 187 294 18 0 
-12 -80 225 382 3 0 
-49 10 278 397 9 0 
4 97 204 303 11 0 
62 74 439 561 22 0 
-37 95 472 635 8 0 
-31 84 305 452 7 0 
75 56 106 224 20 0 
-40 18 106 279 8 0 
77 18 468 592 17 0 
-10 59 82 207 6 0 
98 -65 261 352 19 0 
-52 -11 463 596 5 0 
-21 -95 473 572 4 0 
15 86 159 263 22 0 
19 -72 247 397 2 0 
-30 63 335 442 20 0 
58 -82 326 471 4 0 
-67 16 194 349 3 0 
-31 -79 467 596 23 0 
-86 97 210 305 25 0 
16 -10 153 332 19 0 
-57 81 161 289 15 0 
-78 40 225 330 23 0 
-86 -68 310 472 2 0 
13 16 405 495 14 0 
-91 48 286 440 8 0 
-15 -64 275 387 25 0 
-18 65 194 360 2 0 
-67 1 339 478 23 0 
-85 64 347 494 12 0 
-68 79 464 594 19 0 
43 75 128 297 4 0 
-53 73 129 254 20 0 
34 -35 412 581 19 0 
80 59 329 506 10 0 
-63 63 68 243 11 0 
89 87 310 481 8 0 
-0 96 264 420 19 0 
55 -97 172 332 6 0 
-44 -60 85 200 1 0 
41 -80 407 575 7 0 
-81 25 299 400 11 0 
-89 7 320 431 12 0 
-91 46 164 269 7 0 
-73 -65 381 512 10 0 
-25 -60 172 346 3 0 
-76 -90 449 573 3 0 
65 96 90 203 17 0 
-14 79 319 499 12 0 
30 -11 182 276 7 0 
79 -65 216 343 18 0 
-80 99 445 538 17 0 
-61 56 170 345 14 0 
91 32 385 563 6 0 
-52 -46 245 350 23 0 
13 -77 219 324 2 0 
33 -56 380 511 15 0 
-91 15 202 296 23 0 
3 46 437 584 24 0 
-56 87 177 341 4 0 
69 5 317 424 24 0 
80 -29 437 576 18 0 
22 -8 85 245 10 0 
-98 -5 457 624 7 0 
-92 17 279 371 11 0 
-64 -25 246 396 9 0 
5 53 221 362 22 0 
24 -81 193 346 23 0 
87 35 319 497 3 0 
75 -28 68 237 2 0 
-49 -43 321 422 1 0 
-31 84 293 425 2 0 
20 -14 405 500 10 0 
-89 85 477 627 23 0 
93 17 120 294 21 0 
57 39 160 310 6 0 
-71 -36 347 521 9 0 
-14 89 275 367 12 0 
8 53 356 455 17 0 
-98 -62 70 186 6 0 
-18 -64 445 544 24 0 
-54 -87 103 232 18 0 
-26 -94 303 419 21 0 
41 -70 222 389 18 0 
-8 45 133 275 9 0 
5 -69 325 452 2 0 
16 13 61 152 19 0 
-68 -37 225 331 17 0 
90 -12 215 320 8 0 
82 56 320 496 6 0 
-73 53 421 529 13 0 
86 51 471 574 6 0 
-38 -2 442 622 18 0 
-31 90 90 229 8 0 
-66 92 128 280 8 0 
-61 207 220 379 1 0 
-70 51 368 477 22 0 
-45 -37 158 275 2 0 
0 14 315 465 22 0 
-50 -0 83 255 18 0 
-86 -40 110 202 4 0 
-56 -90 61 190 18 0 
-98 60 409 522 18 0 
16 -25 354 457 4 0 
-76 -6 353 496 1 0 
58 70 385 499 14 0 
-43 94 101 250 13 0 
-80 -67 465 555 19 0 
48 -82 166 330 14 0 
23 22 425 579 21 0 
-25 84 377 491 22 0 
90 23 146 243 13 0 
-49 76 186 298 5 0 
-74 16 71 167 5 0 
9 -64 280 443 19 0 
-39 17 413 534 24 0 
-0 21 233 362 22 0 
55 -50 413 587 15 0 
54 -37 273 417 9 0 
-73 29 454 597 4 0 
35 -82 458 613 17 0 
58 36 173 318 10 0 
-97 -67 211 302 4 0 
82 11 220 381 8 0 
27 -71 258 432 3 0 
-68 26 350 530 2 0 
-1 26 251 428 10 0 
18 -52 422 530 23 0 
-17 83 139 261 23 0 
78 30 390 553 13 0 
-81 79 407 553 18 0 
-81 74 174 347 24 0 
-47 -83 313 444 13 0 
-2 -72 248 342 11 0 
-16 99 366 502 21 0 
-49 -42 430 606 17 0 
77 -90 275 375 1 0 
-37 -84 160 307 4 0 
74 -48 217 392 8 0 
16 -18 245 386 4 0 
73 -39 387 544 5 0 
-21 84 271 399 17 0 
-11 -18 300 442 20 0 
-16 43 350 508 11 0 
-83 -56 180 308 25 0 
67 4 421 595 3 0 
-29 -85 458 625 16 0 
-57 -88 218 380 13 0 
-88 4 163 299 16 0 
49 1 327 456 22 0 
1 -23 78 175 1 0 
19 -31 213 373 19 0 
-81 67 420 537 5 0 
57 10 136 298 20 0 
-61 6 266 438 19 0 
0 -36 260 372 15 0 
-61 38 475 650 13 0 
-38 -90 456 629 13 0 
-98 -91 135 283 3 0 
17 -11 271 375 14 0 
87 8 111 280 19 0 
-82 -57 69 161 25 0 
43 -44 134 266 13 0 
-85 -22 316 418 6 0 
-99 -33 245 379 5 0 
-3 52 287 437 14 0 
-31 61 78 189 18 0 
-69 84 363 456 1 0 
2 -20 478 656 1 0 
97 14 232 370 8 0 
-13 -90 201 354 6 0 
60 -70 198 330 1 0 
51 -9 311 441 21 0 
83 63 218 394 21 0 
50 -50 162 262 25 0 
67 73 105 213 10 0 
29 -18 232 339 18 0 
-56 48 321 481 4 0 
-73 -23 69 203 11 0 
49 -59 74 165 24 0 
37 99 75 213 9 0 
55 89 231 350 22 0 
-37 52 436 562 23 0 
-41 80 225 403 8 0 
-67 -47 93 213 7 0 
-71 64 94 204 13 0 
30 16 437 546 18 0 
5 -36 327 433 6 0 
-19 -94 82 258 19 0 
94 37 190 359 22 0 
-59 -51 257 389 11 0 
83 -37 224 401 19 0 
-31 76 306 403 1 0 
-21 -62 227 361 6 0 
-38 79 70 233 23 0 
-65 -2 421 560 17 0 
-42 -93 118 296 16 0 
-45 64 294 402 1 0 
39 -92 106 262 5 0 
-16 -25 257 350 4 0 
-88 99 353 525 23 0 
44 -83 353 455 18 0 
11 29 379 516 14 0 
-87 -31 422 551 11 0 
-23 -49 122 258 4 0 
44 15 257 367 7 0 
77 56 204 349 6 0 
-99 69 191 331 19 0 
70 -10 126 236 16 0 
-10 -8 416 544 18 0 
5 4 325 479 18 0 
-82 41 72 184 7 0 
-27 -79 181 342 23 0 
70 27 308 466 25 0 
-37 -28 479 570 20 0 
68 66 462 576 21 0 
-77 71 281 387 16 0 
71 71 458 606 11 0 
-19 39 301 471 19 0 
-92 -64 140 315 1 0 
22 -97 254 361 4 0 
-96 8 210 353 19 0 
17 -69 283 443 22 0 
-57 39 240 336 13 0 
-43 -70 113 274 21 0 
76 -94 125 218 19 0 
-63 -32 294 462 10 0 
-27 30 456 553 22 0 
-99 -10 157 297 19 0 
-96 -90 357 522 3 0 
75 33 130 269 20 0 
-97 -68 435 530 22 0 
78 95 441 553 11 0 
64 75 157 288 16 0 
-97 40 206 309 9 0 
-41 75 337 467 14 0 
-93 11 371 465 25 0 
56 -95 413 535 6 0 
16 -25 156 265 8 0 
-42 76 175 316 22 0 
-44 78 254 411 16 0 
-70 -50 375 522 12 0 
43 6 411 525 4 0 
55 -58 176 287 12 0 
20 34 389 530 24 0 
-80 -94 315 432 22 0 
-72 99 255 417 22 0 
88 15 306 473 7 0 
-48 -54 442 544 4 0 
-99 18 390 516 11 0 
28 -88 102 202 11 0 
98 -83 397 531 2 0 
-92 -55 269 364 14 0 
-1 36 307 450 17 0 
68 33 126 270 1 0 
-59 76 180 295 16 0 
-76 59 411 560 3 0 
-80 18 293 429 2 0 
30 -61 132 266 18 0 
88 96 178 309 6 0 
7 81 267 415 5 0 
-90 -67 324 475 19 0 
-4 57 366 497 12 0 
-89 97 252 359 21 0 
23 8 455 609 19 0 
90 44 433 540 8 0 
53 -15 380 536 21 0 
-94 -37 132 245 21 0 
83 0 320 471 25 0 
-69 28 134 292 1 0 
-25 -82 64 195 13 0 
81 92 293 417 11 0 
-60 57 86 184 20 0 
-7 97 300 438 13 0 
-13 -57 477 628 4 0 
-34 -48 476 609 4 0 
52 47 98 208 10 0 
-38 3 372 529 13 0 
-83 -97 477 651 8 0 
76 -87 197 315 11 0 
71 -23 311 491 14 0 
-18 67 369 540 12 0 
-45 82 473 576 23 0 
45 -13 284 413 9 0 
-16 -91 419 545 19 0 
79 -48 106 228 1 0 
-22 -80 271 388 9 0 
48 -77 331 433 19 0 
66 44 352 465 11 0 
-84 -79 437 553 10 0 
-52 42 145 252 6 0 
91 8 396 544 2 0 
-70 44 352 454 3 0 
-38 70 259 413 16 0 
78 77 207 303 4 0 
-17 -94 223 395 2 0 
3 31 81 226 20 0 
16 -55 81 174 12 0 
25 -84 82 174 4 0 
-82 -57 429 562 15 0 
-27 61 84 248 11 0 
-86 80 166 301 20 0 
-34 20 212 307 4 0 
95 -61 174 291 12 0 
-85 79 128 248 4 0 
13 -27 268 418 14 0 
-96 35 133 243 17 0 
-62 45 441 537 9 0 
92 -37 196 376 10 0 
-69 32 263 427 11 0 
43 78 81 249 9 0 
-78 -97 225 394 23 0 
63 -28 374 512 25 0 
-50 -7 227 385 25 0 
67 -4 326 496 16 0 
87 68 313 403 23 0 
77 37 416 506 7 0 
-30 -37 129 298 5 0 
-32 -57 127 287 18 0 
-88 67 410 533 11 0 
-70 81 245 378 10 0 
78 73 464 557 13 0 
-84 -80 407 515 6 0 
-36 -23 139 246 7 0 
-3 96 235 383 18 0 
-27 27 108 283 1 0 
22 11 170 336 12 0 
-40 83 265 428 6 0 
93 -75 422 516 4 0 
-70 -69 225 330 23 0 
-76 78 147 292 7 0 
-70 -96 200 370 9 0 
-17 95 254 380 22 0 
-89 6 452 632 3 0 
92 27 266 408 3 0 
53 -12 406 522 15 0 
-97 -41 416 583 16 0 
-49 -55 424 537 24 0 
-11 -83 336 515 25 0 
-82 -83 203 308 16 0 
-26 57 355 487 9 0 
-49 93 291 398 1 0 
-54 55 121 245 4 0 
53 -63 183 339 14 0 
51 90 306 471 15 0 
-83 84 302 430 5 0 
-80 3 326 455 7 0 
-91 14 264 444 1 0 
-55 18 134 230 1 0 
73 91 461 575 4 0 
72 56 231 372 25 0 
-45 42 235 402 2 0 
30 -85 231 361 25 0 
65 87 287 441 20 0 
26 -78 467 560 5 0 
-22 42 252 396 15 0 
84 -60 418 581 3 0 
50 93 231 367 14 0 
67 -41 464 584 6 0 
-10 -81 256 388 20 0 
88 4 366 504 6 0 
95 84 315 445 15 0 
-15 70 206 378 17 0 
-72 -63 318 459 15 0 
-7 63 455 632 1 0 
38 -76 111 238 3 0 
-7 -17 63 243 2 0 
46 58 342 521 22 0 
15 -24 90 225 24 0 
89 15 103 225 9 0 
8 6 61 160 5 0 
-87 89 331 439 11 0 
-60 48 380 549 15 0 
-87 95 314 420 6 0 
44 -15 191 313 17 0 
47 60 329 425 3 0 
40 -28 175 287 22 0 
-25 57 458 554 19 0 
-19 -88 367 492 6 0 
8 21 478 658 25 0 
-4 -57 61 214 7 0 
-98 -26 389 523 18 0 
-27 12 329 450 13 0 
-30 -58 397 526 17 0 
8 -91 88 234 19 0 
65 -5 112 275 22 0 
54 -96 145 244 22 0 
-97 58 220 386 2 0 
97 81 185 323 3 0 
99 -85 321 417 5 0 
-92 -39 138 236 20 0 
-80 99 346 482 16 0 
-4 89 311 467 9 0 
96 -32 468 562 20 0 
89 60 220 316 2 0 
-21 34 439 588 9 0 
-92 42 427 525 6 0 
26 -63 424 564 21 0 
40 99 309 416 7 0 
44 -25 0 
-32 14 0 
37 13 0 
-15 12 0 
32 24 0 
10 -42 0 
37 1 0 
-33 -14 0 
-8 -4 0 
-25 19 0 
23 39 0 
41 45 0 
0 0 0 
72 190 0