61 -53 259 474 2 0 
-63 -22 234 501 23 0 
75 -69 62 330 24 0 
22 -83 225 505 12 0 
-86 -27 126 308 22 0 
-81 -39 107 464 5 0 
19 24 206 436 17 0 
-63 16 165 431 13 0 
96 -67 185 529 18 0 
46 82 134 336 25 0 
94 -93 153 399 19 0 
70 83 66 258 13 0 
8 -97 214 539 19 0 
84 83 81 361 15 0 
-31 -53 115 302 7 0 
-76 -30 137 326 17 0 
98 24 102 438 2 0 
72 -61 81 411 14 0 
-52 -54 178 460 5 0 
-82 -24 96 404 23 0 
-34 -7 62 296 10 0 
12 49 256 532 6 0 
65 32 282 520 24 0 
-49 -60 92 351 4 0 
-89 -7 209 392 4 0 
79 34 135 464 16 0 
-92 13 147 380 7 0 
-22 634 83 328 1 0 
57 78 292 650 22 0 
-91 -57 131 447 4 0 
-17 -57 289 577 16 0 
98 74 234 512 17 0 
80 -34 282 494 6 0 
-81 63 153 428 22 0 
72 -98 154 481 1 0 
-96 72 149 415 3 0 
19 83 124 400 13 0 
-95 32 131 488 14 0 
32 -65 123 351 13 0 
-59 49 263 443 22 0 
-21 -62 77 331 24 0 
-51 -88 241 568 3 0 
24 -77 277 605 1 0 
-83 88 129 370 10 0 
50 -81 117 434 23 0 
-49 11 238 421 15 0 
-64 -42 230 446 5 0 
78 5 276 580 24 0 
49 95 233 535 15 0 
12 -5 125 355 11 0 
-18 68 168 353 13 0 
0 -24 296 538 11 0 
92 -82 231 458 15 0 
92 -12 250 604 22 0 
87 -81 170 480 14 0 
94 -55 260 561 9 0 
-73 62 107 466 17 0 
77 -47 288 487 1 0 
-50 -72 164 348 22 0 
-88 11 73 414 21 0 
-98 -98 229 497 21 0 
-80 14 160 495 4 0 
-40 -34 211 394 9 0 
18 45 266 540 9 0 
-33 -26 126 337 21 0 
-0 24 245 457 19 0 
71 -76 170 434 19 0 
-93 -8 168 388 3 0 
-62 36 80 383 7 0 
33 -24 60 330 11 0 
-97 -51 248 451 14 0 
-77 -69 95 278 6 0 
-66 -92 248 458 25 0 
29 75 223 449 7 0 
-43 98 218 507 17 0 
-13 -77 98 369 5 0 
-29 -73 161 382 5 0 
-59 79 171 358 17 0 
63 81 233 417 18 0 
89 -76 258 563 10 0 
25 -63 109 407 23 0 
87 72 174 471 6 0 
60 -44 147 409 1 0 
-23 91 275 616 9 0 
40 89 71 330 17 0 
-75 -17 221 480 14 0 
73 75 227 475 6 0 
-74 86 165 371 22 0 
-37 -84 124 462 3 0 
19 -7 91 333 1 0 
50 81 202 458 21 0 
-73 -59 125 370 12 0 
-28 -93 62 373 23 0 
-19 57 267 471 19 0 
19 -91 177 421 16 0 
47 -84 179 530 8 0 
-16 69 253 532 9 0 
-18 33 235 491 5 0 
-67 91 74 419 2 0 
28 73 196 416 18 0 
44 -84 276 530 25 0 
8 -9 92 281 22 0 
-60 -13 194 382 7 0 
-23 -46 282 520 9 0 
16 -65 227 567 1 0 
83 -63 243 491 17 0 
-60 -81 138 401 16 0 
-51 -69 231 480 20 0 
-15 -87 240 489 11 0 
97 54 82 425 18 0 
65 -79 93 440 4 0 
-43 74 277 584 3 0 
60 86 247 574 21 0 
-0 -96 166 460 8 0 
37 75 67 291 20 0 
-15 -86 263 578 23 0 
-11 23 115 306 9 0 
-55 -43 147 461 22 0 
-47 32 148 416 8 0 
-69 2 168 420 19 0 
-29 40 63 366 19 0 
-2 93 79 317 17 0 
-43 90 157 424 6 0 
88 11 184 532 6 0 
7 -98 63 381 14 0 
-54 -79 161 472 20 0 
-77 -43 206 424 21 0 
-84 81 249 518 1 0 
-2 -67 217 575 15 0 
50 78 106 437 23 0 
37 98 218 411 2 0 
-95 62 288 533 22 0 
-59 -6 141 373 8 0 
13 91 226 537 19 0 
-18 -60 284 501 23 0 
75 12 152 385 3 0 
-84 -86 85 352 13 0 
-40 -76 87 336 10 0 
97 61 294 493 18 0 
-58 -74 180 497 14 0 
57 84 249 598 1 0 
-76 -98 213 443 25 0 
-19 -16 83 299 9 0 
-56 -91 132 469 13 0 
61 -50 198 425 23 0 
41 -93 281 567 13 0 
0 68 124 315 5 0 
22 -12 294 605 9 0 
-49 -11 144 345 12 0 
82 -12 67 301 16 0 
-44 -24 223 576 14 0 
-23 -82 60 254 2 0 
-96 -68 113 451 24 0 
-0 -52 219 541 20 0 
77 22 220 553 6 0 
-65 0 297 630 9 0 
-53 -43 178 373 10 0 
-15 -57 76 330 19 0 
-51 -70 187 443 24 0 
-98 42 240 471 23 0 
-89 -62 98 329 4 0 
-81 -26 257 453 1 0 
-49 -87 275 464 4 0 
-12 42 98 387 1 0 
85 10 142 413 14 0 
-16 -37 283 553 24 0 
-39 93 70 268 19 0 
-67 -35 155 409 12 0 
28 83 156 481 1 0 
-51 43 121 427 7 0 
19 63 290 540 4 0 
5 32 67 375 24 0 
-67 90 81 357 14 0 
-76 -17 223 492 9 0 
88 28 286 471 5 0 
11 -67 83 303 17 0 
67 -39 247 594 11 0 
74 -17 67 247 11 0 
-94 -31 146 393 9 0 
69 45 195 456 6 0 
-99 90 223 522 24 0 
2 -18 118 300 20 0 
-98 97 265 477 4 0 
-8 35 253 599 5 0 
-70 -56 205 454 3 0 
-8 -70 232 499 12 0 
90 91 156 495 13 0 
-69 40 89 279 3 0 
35 -75 214 470 13 0 
-13 52 299 510 1 0 
-80 -18 287 523 3 0 
-49 62 192 433 5 0 
44 -84 123 438 7 0 
-79 -41 187 515 21 0 
44 -72 164 487 17 0 
-67 -43 167 500 21 0 
87 70 241 592 7 0 
35 -5 247 591 24 0 
78 -87 114 406 20 0 
-69 -91 236 449 17 0 
86 -87 209 430 18 0 
-12 -80 103 462 3 0 
-49 10 187 450 9 0 
4 97 170 378 11 0 
62 74 179 362 22 0 
-37 95 175 375 8 0 
-31 84 78 323 7 0 
75 56 257 443 20 0 
-40 18 113 352 8 0 
77 18 267 449 17 0 
-10 59 86 349 6 0 
98 -65 115 404 19 0 
-52 -11 299 528 5 0 
-21 -95 79 346 4 0 
15 86 212 419 22 0 
19 -72 87 425 2 0 
-30 63 203 415 20 0 
58 -82 236 563 4 0 
-67 16 249 507 3 0 
-31 -79 224 441 23 0 
-86 97 187 374 25 0 
16 -10 240 493 19 0 
-57 81 84 420 15 0 
-78 40 201 541 23 0 
-86 -68 195 420 2 0 
13 16 119 380 14 0 
-91 48 104 434 8 0 
-15 -64 251 514 25 0 
-18 65 96 323 2 0 
-67 1 190 388 23 0 
-85 64 108 387 12 0 
-68 79 285 637 19 0 
43 75 193 387 4 0 
-53 73 178 481 20 0 
34 -35 124 389 19 0 
80 59 267 584 10 0 
-63 63 249 571 11 0 
89 87 152 422 8 0 
-0 96 65 370 19 0 
55 -97 208 452 6 0 
-44 -60 298 540 1 0 
41 -80 140 465 7 0 
-81 25 289 611 11 0 
-89 7 290 473 12 0 
-91 46 265 563 7 0 
-73 -65 71 279 10 0 
-25 -60 224 510 3 0 
-76 -90 215 459 3 0 
65 96 276 551 17 0 
-14 79 158 355 12 0 
30 -11 117 444 7 0 
79 -65 99 294 18 0 
-80 99 270 484 17 0 
-61 56 97 352 14 0 
91 32 83 307 6 0 
-52 -46 76 421 23 0 
13 -77 132 321 2 0 
33 -56 262 538 15 0 
-91 15 60 397 23 0 
3 46 166 484 24 0 
-56 87 295 512 4 0 
69 5 113 459 24 0 
80 -29 93 311 18 0 
22 -8 191 440 10 0 
-98 -5 211 410 7 0 
-92 17 62 388 11 0 
-64 -25 263 619 9 0 
5 53 157 339 22 0 
24 -81 299 631 23 0 
87 35 275 532 3 0 
75 -28 258 518 2 0 
-49 -43 113 420 1 0 
-31 84 194 483 2 0 
20 -14 116 377 10 0 
-89 85 255 497 23 0 
93 17 71 301 21 0 
57 39 233 515 6 0 
-71 -36 176 481 9 0 
-14 89 70 254 12 0 
8 53 287 526 17 0 
-98 -62 299 624 6 0 
-18 -64 125 461 24 0 
-54 -87 188 375 18 0 
-26 -94 198 421 21 0 
41 -70 130 320 18 0 
-8 45 167 487 9 0 
5 -69 134 407 2 0 
16 13 190 506 19 0 
-68 -37 163 504 17 0 
90 -12 105 337 8 0 
82 56 151 398 6 0 
-73 53 224 490 13 0 
86 51 75 414 6 0 
-38 -2 95 423 18 0 
-31 90 197 505 8 0 
-66 92 227 484 8 0 
-61 207 71 417 1 0 
-70 51 127 413 22 0 
-45 -37 256 555 2 0 
0 14 65 258 22 0 
-50 -0 262 594 18 0 
-86 -40 249 472 4 0 
-56 -90 148 392 18 0 
-98 60 80 264 18 0 
16 -25 233 470 4 0 
-76 -6 122 353 1 0 
58 70 189 534 14 0 
-43 94 228 521 13 0 
-80 -67 144 504 19 0 
48 -82 85 340 14 0 
23 22 135 423 21 0 
-25 84 285 469 22 0 
90 23 267 621 13 0 
-49 76 156 419 5 0 
-74 16 110 360 5 0 
9 -64 222 538 19 0 
-39 17 137 355 24 0 
-0 21 272 627 22 0 
55 -50 202 546 15 0 
54 -37 187 505 9 0 
-73 29 295 486 4 0 
35 -82 169 453 17 0 
58 36 203 456 10 0 
-97 -67 298 507 4 0 
82 11 277 468 8 0 
27 -71 126 321 3 0 
-68 26 67 317 2 0 
-1 26 191 528 10 0 
18 -52 89 390 23 0 
-17 83 267 505 23 0 
78 30 236 560 13 0 
-81 79 253 472 18 0 
-81 74 245 445 24 0 
-47 -83 84 428 13 0 
-2 -72 287 467 11 0 
-16 99 278 595 21 0 
-49 -42 207 475 17 0 
77 -90 243 427 1 0 
-37 -84 102 307 4 0 
74 -48 206 526 8 0 
16 -18 288 556 4 0 
73 -39 207 525 5 0 
-21 84 63 273 17 0 
-11 -18 115 327 20 0 
-16 43 271 567 11 0 
-83 -56 218 529 25 0 
67 4 166 387 3 0 
-29 -85 150 373 16 0 
-57 -88 180 519 13 0 
-88 4 266 573 16 0 
49 1 244 493 22 0 
1 -23 83 415 1 0 
19 -31 206 395 19 0 
-81 67 159 395 5 0 
57 10 161 491 20 0 
-61 6 76 317 19 0 
0 -36 247 476 15 0 
-61 38 117 450 13 0 
-38 -90 100 290 13 0 
-98 -91 278 521 3 0 
17 -11 248 586 14 0 
87 8 244 485 19 0 
-82 -57 259 553 25 0 
43 -44 195 501 13 0 
-85 -22 285 490 6 0 
-99 -33 163 440 5 0 
-3 52 273 468 14 0 
-31 61 122 370 18 0 
-69 84 216 407 1 0 
2 -20 203 423 1 0 
97 14 207 410 8 0 
-13 -90 74 395 6 0 
60 -70 86 409 1 0 
51 -9 159 376 21 0 
83 63 196 376 21 0 
50 -50 62 399 25 0 
67 73 222 407 10 0 
29 -18 187 528 18 0 
-56 48 175 475 4 0 
-73 -23 257 492 11 0 
49 -59 178 473 24 0 
37 99 241 453 9 0 
55 89 232 477 22 0 
-37 52 113 294 23 0 
-41 80 151 465 8 0 
-67 -47 228 463 7 0 
-71 64 188 411 13 0 
30 16 84 405 18 0 
5 -36 217 546 6 0 
-19 -94 153 489 19 0 
94 37 216 496 22 0 
-59 -51 147 414 11 0 
83 -37 216 479 19 0 
-31 76 219 399 1 0 
-21 -62 77 422 6 0 
-38 79 104 455 23 0 
-65 -2 190 516 17 0 
-42 -93 175 390 16 0 
-45 64 216 484 1 0 
39 -92 143 494 5 0 
-16 -25 63 299 4 0 
-88 99 87 307 23 0 
44 -83 87 320 18 0 
11 29 106 303 14 0 
-87 -31 232 521 11 0 
-23 -49 182 432 4 0 
44 15 175 468 7 0 
77 56 181 483 6 0 
-99 69 180 403 19 0 
70 -10 178 433 16 0 
-10 -8 143 370 18 0 
5 4 239 476 18 0 
-82 41 75 432 7 0 
-27 -79 214 443 23 0 
70 27 217 554 25 0 
-37 -28 95 442 20 0 
68 66 209 446 21 0 
-77 71 215 565 16 0 
71 71 144 374 11 0 
-19 39 98 349 19 0 
-92 -64 153 429 1 0 
22 -97 93 424 4 0 
-96 8 298 654 19 0 
17 -69 229 426 22 0 
-57 39 243 582 13 0 
-43 -70 148 457 21 0 
76 -94 144 425 19 0 
-63 -32 240 532 10 0 
-27 30 117 459 22 0 
-99 -10 130 392 19 0 
-96 -90 91 450 3 0 
75 33 279 512 20 0 
-97 -68 211 455 22 0 
78 95 229 414 11 0 
64 75 223 411 16 0 
-97 40 72 301 9 0 
-41 75 219 530 14 0 
-93 11 169 406 25 0 
56 -95 172 357 6 0 
16 -25 242 477 8 0 
-42 76 261 469 22 0 
-44 78 201 502 16 0 
-70 -50 299 533 12 0 
43 6 87 289 4 0 
55 -58 261 581 12 0 
20 34 102 434 24 0 
-80 -94 191 408 22 0 
-72 99 61 283 22 0 
88 15 258 609 7 0 
-48 -54 245 554 4 0 
-99 18 192 450 11 0 
28 -88 282 497 11 0 
98 -83 133 401 2 0 
-92 -55 213 410 14 0 
-1 36 192 483 17 0 
68 33 213 519 1 0 
-59 76 97 391 16 0 
-76 59 287 528 3 0 
-80 18 203 517 2 0 
30 -61 226 513 18 0 
88 96 297 602 6 0 
7 81 66 264 5 0 
-90 -67 199 416 19 0 
-4 57 81 269 12 0 
-89 97 216 397 21 0 
23 8 76 275 19 0 
90 44 265 509 8 0 
53 -15 159 499 21 0 
-94 -37 92 420 21 0 
83 0 203 467 25 0 
-69 28 274 538 1 0 
-25 -82 118 333 13 0 
81 92 149 390 11 0 
-60 57 249 568 20 0 
-7 97 226 553 13 0 
-13 -57 229 579 4 0 
-34 -48 247 477 4 0 
52 47 161 472 10 0 
-38 3 170 479 13 0 
-83 -97 149 365 8 0 
76 -87 235 594 11 0 
71 -23 65 288 14 0 
-18 67 127 418 12 0 
-45 82 216 476 23 0 
45 -13 261 612 9 0 
-16 -91 174 419 19 0 
79 -48 79 378 1 0 
-22 -80 254 476 9 0 
48 -77 237 481 19 0 
66 44 80 391 11 0 
-84 -79 242 582 10 0 
-52 42 140 421 6 0 
91 8 270 600 2 0 
-70 44 172 375 3 0 
-38 70 277 557 16 0 
78 77 217 405 4 0 
-17 -94 217 445 2 0 
3 31 174 364 20 0 
16 -55 103 349 12 0 
25 -84 188 380 4 0 
-82 -57 70 348 15 0 
-27 61 95 341 11 0 
-86 80 280 529 20 0 
-34 20 111 362 4 0 
95 -61 209 517 12 0 
-85 79 197 500 4 0 
13 -27 238 429 14 0 
-96 35 61 284 17 0 
-62 45 151 378 9 0 
92 -37 178 366 10 0 
-69 32 72 331 11 0 
43 78 71 283 9 0 
-78 -97 103 378 23 0 
63 -28 102 390 25 0 
-50 -7 140 421 25 0 
67 -4 82 350 16 0 
87 68 238 422 23 0 
77 37 219 454 7 0 
-30 -37 108 401 5 0 
-32 -57 161 437 18 0 
-88 67 80 330 11 0 
-70 81 260 596 10 0 
78 73 236 521 13 0 
-84 -80 190 543 6 0 
-36 -23 295 584 7 0 
-3 96 184 389 18 0 
-27 27 142 332 1 0 
22 11 129 394 12 0 
-40 83 102 287 6 0 
93 -75 106 355 4 0 
-70 -69 167 365 23 0 
-76 78 270 478 7 0 
-70 -96 237 560 9 0 
-17 95 134 462 22 0 
-89 6 271 615 3 0 
92 27 118 339 3 0 
53 -12 77 344 15 0 
-97 -41 112 311 16 0 
-49 -55 248 451 24 0 
-11 -83 175 359 25 0 
-82 -83 145 404 16 0 
-26 57 220 548 9 0 
-49 93 182 405 1 0 
-54 55 89 429 4 0 
53 -63 285 635 14 0 
51 90 290 546 15 0 
-83 84 96 343 5 0 
-80 3 235 564 7 0 
-91 14 250 483 1 0 
-55 18 186 446 1 0 
73 91 84 443 4 0 
72 56 156 460 25 0 
-45 42 99 330 2 0 
30 -85 142 349 25 0 
65 87 242 548 20 0 
26 -78 95 306 5 0 
-22 42 111 355 15 0 
84 -60 183 410 3 0 
50 93 221 510 14 0 
67 -41 65 256 6 0 
-10 -81 111 428 20 0 
88 4 277 533 6 0 
95 84 97 442 15 0 
-15 70 76 336 17 0 
-72 -63 283 566 15 0 
-7 63 257 611 1 0 
38 -76 101 343 3 0 
-7 -17 134 419 2 0 
46 58 276 509 22 0 
15 -24 70 309 24 0 
89 15 98 297 9 0 
8 6 199 517 5 0 
-87 89 294 577 11 0 
-60 48 108 313 15 0 
-87 95 166 456 6 0 
44 -15 171 507 17 0 
47 60 223 454 3 0 
40 -28 68 411 22 0 
-25 57 108 423 19 0 
-19 -88 97 315 6 0 
8 21 251 466 25 0 
-4 -57 196 458 7 0 
-98 -26 109 391 18 0 
-27 12 270 584 13 0 
-30 -58 158 479 17 0 
8 -91 257 600 19 0 
65 -5 115 451 22 0 
54 -96 63 414 22 0 
-97 58 71 321 2 0 
97 81 239 581 3 0 
99 -85 61 399 5 0 
-92 -39 253 546 20 0 
-80 99 242 453 16 0 
-4 89 137 325 9 0 
96 -32 197 547 20 0 
89 60 293 512 2 0 
-21 34 129 462 9 0 
-92 42 244 486 6 0 
26 -63 277 527 21 0 
40 99 170 504 7 0 
44 -25 0 
-32 14 0 
37 13 0 
-15 12 0 
32 24 0 
10 -42 0 
37 1 0 
-33 -14 0 
-8 -4 0 
-25 19 0 
23 39 0 
41 45 0 
0 0 0 
72 190 0