61 -53 196 477 1 0 
-63 -22 230 488 4 0 
75 -69 274 634 14 0 
22 -83 63 287 5 0 
-86 -27 98 408 19 0 
-81 -39 271 528 9 0 
19 24 123 342 13 0 
-63 16 69 303 23 0 
96 -67 162 468 24 0 
46 82 158 360 11 0 
94 -93 300 647 6 0 
70 83 110 432 16 0 
8 -97 197 477 5 0 
84 83 222 553 15 0 
-31 -53 254 586 11 0 
-76 -30 191 465 8 0 
98 24 118 299 9 0 
72 -61 113 463 22 0 
-52 -54 273 489 18 0 
-82 -24 93 292 1 0 
-34 -7 99 434 9 0 
12 49 65 386 8 0 
65 32 134 365 24 0 
-49 -60 291 603 15 0 
-89 -7 284 514 1 0 
79 34 142 325 24 0 
-92 13 117 408 11 0 
-22 634 282 576 1 0 
57 78 261 521 6 0 
-91 -57 267 607 17 0 
-17 -57 111 352 13 0 
98 74 98 288 24 0 
80 -34 268 620 21 0 
-81 63 189 423 23 0 
72 -98 277 573 24 0 
-96 72 81 437 3 0 
19 83 128 392 1 0 
-95 32 238 436 22 0 
32 -65 141 478 23 0 
-59 49 111 468 18 0 
-21 -62 203 513 21 0 
-51 -88 159 360 6 0 
24 -77 195 420 2 0 
-83 88 181 375 5 0 
50 -81 283 636 18 0 
-49 11 176 500 4 0 
-64 -42 222 531 14 0 
78 5 245 470 7 0 
49 95 219 528 2 0 
12 -5 87 324 17 0 
-18 68 123 450 12 0 
0 -24 150 362 22 0 
92 -82 135 338 11 0 
92 -12 180 373 9 0 
87 -81 133 476 3 0 
94 -55 248 561 3 0 
-73 62 87 374 21 0 
77 -47 118 450 17 0 
-50 -72 118 368 24 0 
-88 11 160 348 10 0 
-98 -98 134 490 16 0 
-80 14 125 472 18 0 
-40 -34 239 501 2 0 
18 45 135 326 15 0 
-33 -26 88 387 11 0 
-0 24 73 355 9 0 
71 -76 228 485 17 0 
-93 -8 291 518 21 0 
-62 36 194 444 17 0 
33 -24 278 464 8 0 
-97 -51 283 585 25 0 
-77 -69 197 407 22 0 
-66 -92 154 415 2 0 
29 75 188 447 23 0 
-43 98 208 405 1 0 
-13 -77 99 359 24 0 
-29 -73 206 409 14 0 
-59 79 258 592 23 0 
63 81 259 531 6 0 
89 -76 191 398 8 0 
25 -63 251 491 19 0 
87 72 293 644 8 0 
60 -44 181 527 1 0 
-23 91 246 453 4 0 
40 89 84 356 13 0 
-75 -17 95 305 13 0 
73 75 99 375 20 0 
-74 86 300 543 9 0 
-37 -84 62 326 14 0 
19 -7 196 423 7 0 
50 81 250 483 11 0 
-73 -59 132 364 15 0 
-28 -93 207 508 16 0 
-19 57 275 620 11 0 
19 -91 142 433 14 0 
47 -84 204 476 12 0 
-16 69 294 625 4 0 
-18 33 84 429 11 0 
-67 91 237 558 19 0 
28 73 157 412 8 0 
44 -84 143 467 7 0 
8 -9 118 470 19 0 
-60 -13 109 394 9 0 
-23 -46 164 404 24 0 
16 -65 252 531 20 0 
83 -63 294 624 6 0 
-60 -81 226 424 1 0 
-51 -69 145 485 10 0 
-15 -87 80 428 15 0 
97 54 131 481 2 0 
65 -79 156 499 23 0 
-43 74 110 443 2 0 
60 86 150 422 9 0 
-0 -96 158 423 6 0 
37 75 90 433 3 0 
-15 -86 267 623 17 0 
-11 23 62 270 8 0 
-55 -43 138 337 13 0 
-47 32 134 383 22 0 
-69 2 116 387 2 0 
-29 40 267 530 9 0 
-2 93 89 391 5 0 
-43 90 81 339 20 0 
88 11 101 350 18 0 
7 -98 290 587 4 0 
-54 -79 204 547 5 0 
-77 -43 158 390 19 0 
-84 81 281 486 2 0 
-2 -67 273 601 18 0 
50 78 101 353 21 0 
37 98 254 532 18 0 
-95 62 151 437 2 0 
-59 -6 275 592 20 0 
13 91 257 469 13 0 
-18 -60 64 363 13 0 
75 12 109 441 14 0 
-84 -86 205 518 23 0 
-40 -76 103 347 25 0 
97 61 196 435 25 0 
-58 -74 212 501 20 0 
57 84 130 438 15 0 
-76 -98 285 536 4 0 
-19 -16 72 321 17 0 
-56 -91 221 507 5 0 
61 -50 76 329 4 0 
41 -93 235 517 20 0 
0 68 259 500 11 0 
22 -12 63 334 5 0 
-49 -11 220 483 2 0 
82 -12 67 375 3 0 
-44 -24 219 559 15 0 
-23 -82 109 386 22 0 
-96 -68 188 544 2 0 
-0 -52 224 525 7 0 
77 22 180 466 2 0 
-65 0 202 506 22 0 
-53 -43 210 551 15 0 
-15 -57 104 367 22 0 
-51 -70 140 360 14 0 
-98 42 195 454 25 0 
-89 -62 106 335 7 0 
-81 -26 189 371 10 0 
-49 -87 192 422 24 0 
-12 42 120 412 20 0 
85 10 152 478 2 0 
-16 -37 295 484 21 0 
-39 93 138 469 15 0 
-67 -35 115 397 10 0 
28 83 256 485 17 0 
-51 43 230 523 6 0 
19 63 284 622 18 0 
5 32 121 423 14 0 
-67 90 137 341 16 0 
-76 -17 183 430 11 0 
88 28 199 389 9 0 
11 -67 113 458 6 0 
67 -39 235 488 22 0 
74 -17 238 577 24 0 
-94 -31 259 481 19 0 
69 45 109 418 17 0 
-99 90 77 276 16 0 
2 -18 154 465 7 0 
-98 97 250 431 12 0 
-8 35 65 356 7 0 
-70 -56 180 437 9 0 
-8 -70 198 424 16 0 
90 91 258 494 1 0 
-69 40 206 431 1 0 
35 -75 160 462 20 0 
-13 52 138 472 3 0 
-80 -18 115 331 19 0 
-49 62 102 302 8 0 
44 -84 166 449 1 0 
-79 -41 99 381 2 0 
44 -72 250 582 3 0 
-67 -43 283 517 6 0 
87 70 134 442 7 0 
35 -5 152 415 8 0 
78 -87 67 250 17 0 
-69 -91 146 485 5 0 
86 -87 110 386 7 0 
-12 -80 272 610 4 0 
-49 10 225 530 5 0 
4 97 187 456 5 0 
62 74 243 458 11 0 
-37 95 161 361 23 0 
-31 84 176 493 1 0 
75 56 182 542 23 0 
-40 18 266 479 20 0 
77 18 168 368 10 0 
-10 59 266 503 3 0 
98 -65 184 532 25 0 
-52 -11 92 335 10 0 
-21 -95 290 628 12 0 
15 86 138 442 2 0 
19 -72 278 618 5 0 
-30 63 226 501 15 0 
58 -82 132 458 1 0 
-67 16 97 322 4 0 
-31 -79 258 539 12 0 
-86 97 259 574 9 0 
16 -10 62 242 23 0 
-57 81 91 451 6 0 
-78 40 282 534 16 0 
-86 -68 69 291 20 0 
13 16 266 502 5 0 
-91 48 96 279 24 0 
-15 -64 216 403 1 0 
-18 65 212 546 18 0 
-67 1 168 411 16 0 
-85 64 78 345 20 0 
-68 79 149 497 4 0 
43 75 286 466 3 0 
-53 73 119 340 10 0 
34 -35 201 437 9 0 
80 59 280 576 24 0 
-63 63 171 407 22 0 
89 87 238 532 9 0 
-0 96 129 408 19 0 
55 -97 61 318 7 0 
-44 -60 201 498 19 0 
41 -80 300 656 21 0 
-81 25 135 435 2 0 
-89 7 159 508 13 0 
-91 46 69 270 22 0 
-73 -65 72 356 12 0 
-25 -60 156 485 9 0 
-76 -90 162 439 20 0 
65 96 287 479 10 0 
-14 79 280 490 1 0 
30 -11 135 391 11 0 
79 -65 218 493 20 0 
-80 99 296 544 5 0 
-61 56 72 349 9 0 
91 32 137 345 19 0 
-52 -46 299 567 4 0 
13 -77 194 464 13 0 
33 -56 124 343 15 0 
-91 15 185 524 22 0 
3 46 125 476 11 0 
-56 87 282 607 11 0 
69 5 239 521 2 0 
80 -29 293 627 4 0 
22 -8 291 535 16 0 
-98 -5 136 339 3 0 
-92 17 183 464 9 0 
-64 -25 183 519 6 0 
5 53 148 452 19 0 
24 -81 297 514 7 0 
87 35 198 378 20 0 
75 -28 298 484 14 0 
-49 -43 297 542 20 0 
-31 84 75 356 2 0 
20 -14 76 348 20 0 
-89 85 176 463 8 0 
93 17 208 394 10 0 
57 39 261 535 6 0 
-71 -36 108 333 7 0 
-14 89 164 429 2 0 
8 53 134 343 15 0 
-98 -62 99 410 25 0 
-18 -64 255 539 25 0 
-54 -87 176 514 11 0 
-26 -94 209 425 11 0 
41 -70 293 649 8 0 
-8 45 202 424 2 0 
5 -69 130 401 19 0 
16 13 68 265 12 0 
-68 -37 148 490 20 0 
90 -12 134 357 12 0 
82 56 282 616 6 0 
-73 53 178 404 18 0 
86 51 260 469 25 0 
-38 -2 286 585 14 0 
-31 90 68 301 7 0 
-66 92 61 268 6 0 
-61 207 274 459 1 0 
-70 51 199 417 20 0 
-45 -37 108 376 12 0 
0 14 68 265 12 0 
-50 -0 173 470 25 0 
-86 -40 226 545 4 0 
-56 -90 196 411 20 0 
-98 60 184 477 3 0 
16 -25 253 589 4 0 
-76 -6 87 282 23 0 
58 70 77 372 3 0 
-43 94 267 453 21 0 
-80 -67 105 408 15 0 
48 -82 254 547 9 0 
23 22 178 465 17 0 
-25 84 263 588 13 0 
90 23 288 611 9 0 
-49 76 200 420 7 0 
-74 16 213 519 4 0 
9 -64 119 392 4 0 
-39 17 213 407 17 0 
-0 21 123 334 18 0 
55 -50 91 342 19 0 
54 -37 164 475 5 0 
-73 29 61 272 16 0 
35 -82 259 517 14 0 
58 36 279 575 13 0 
-97 -67 290 489 8 0 
82 11 196 403 12 0 
27 -71 119 349 7 0 
-68 26 271 601 18 0 
-1 26 73 395 8 0 
18 -52 198 519 25 0 
-17 83 275 551 7 0 
78 30 140 357 6 0 
-81 79 115 435 21 0 
-81 74 83 352 3 0 
-47 -83 251 587 20 0 
-2 -72 120 392 14 0 
-16 99 72 432 12 0 
-49 -42 132 393 10 0 
77 -90 79 369 17 0 
-37 -84 208 388 23 0 
74 -48 299 513 19 0 
16 -18 126 371 3 0 
73 -39 181 402 13 0 
-21 84 228 574 7 0 
-11 -18 230 490 7 0 
-16 43 292 493 10 0 
-83 -56 64 402 19 0 
67 4 287 564 2 0 
-29 -85 299 526 1 0 
-57 -88 173 513 19 0 
-88 4 116 338 19 0 
49 1 294 644 13 0 
1 -23 180 495 10 0 
19 -31 271 576 17 0 
-81 67 124 317 10 0 
57 10 172 493 18 0 
-61 6 264 484 3 0 
0 -36 100 328 12 0 
-61 38 145 367 7 0 
-38 -90 119 435 9 0 
-98 -91 129 457 20 0 
17 -11 254 613 20 0 
87 8 113 385 21 0 
-82 -57 274 464 15 0 
43 -44 266 575 7 0 
-85 -22 209 530 22 0 
-99 -33 158 439 19 0 
-3 52 228 560 16 0 
-31 61 71 277 21 0 
-69 84 257 514 4 0 
2 -20 181 460 20 0 
97 14 295 620 3 0 
-13 -90 248 509 24 0 
60 -70 193 513 2 0 
51 -9 128 472 13 0 
83 63 246 540 25 0 
50 -50 201 393 20 0 
67 73 233 466 17 0 
29 -18 192 385 23 0 
-56 48 115 338 5 0 
-73 -23 88 417 1 0 
49 -59 175 396 4 0 
37 99 266 594 9 0 
55 89 281 569 7 0 
-37 52 75 389 13 0 
-41 80 256 611 2 0 
-67 -47 98 439 9 0 
-71 64 292 601 6 0 
30 16 121 451 4 0 
5 -36 234 594 4 0 
-19 -94 257 558 23 0 
94 37 179 381 25 0 
-59 -51 285 499 24 0 
83 -37 116 431 20 0 
-31 76 297 624 18 0 
-21 -62 109 386 24 0 
-38 79 277 619 8 0 
-65 -2 90 450 18 0 
-42 -93 173 409 2 0 
-45 64 162 346 24 0 
39 -92 257 520 9 0 
-16 -25 247 605 2 0 
-88 99 76 319 8 0 
44 -83 82 354 24 0 
11 29 131 442 10 0 
-87 -31 214 444 5 0 
-23 -49 264 612 4 0 
44 15 183 512 20 0 
77 56 131 365 8 0 
-99 69 285 495 24 0 
70 -10 179 483 18 0 
-10 -8 184 393 16 0 
5 4 143 452 20 0 
-82 41 270 617 15 0 
-27 -79 91 450 16 0 
70 27 120 399 13 0 
-37 -28 248 573 2 0 
68 66 225 497 4 0 
-77 71 195 394 14 0 
71 71 268 454 19 0 
-19 39 234 417 7 0 
-92 -64 226 487 12 0 
22 -97 183 478 20 0 
-96 8 68 347 7 0 
17 -69 81 288 9 0 
-57 39 289 500 11 0 
-43 -70 228 489 25 0 
76 -94 147 357 9 0 
-63 -32 269 507 11 0 
-27 30 264 490 7 0 
-99 -10 232 414 9 0 
-96 -90 111 422 8 0 
75 33 125 349 4 0 
-97 -68 110 429 18 0 
78 95 67 396 23 0 
64 75 171 468 1 0 
-97 40 71 319 16 0 
-41 75 227 502 2 0 
-93 11 220 439 9 0 
56 -95 253 466 22 0 
16 -25 151 502 20 0 
-42 76 115 393 9 0 
-44 78 136 362 20 0 
-70 -50 163 448 6 0 
43 6 208 472 23 0 
55 -58 122 344 6 0 
20 34 176 450 8 0 
-80 -94 274 537 13 0 
-72 99 179 394 18 0 
88 15 108 318 4 0 
-48 -54 194 531 14 0 
-99 18 188 420 16 0 
28 -88 252 453 13 0 
98 -83 270 540 15 0 
-92 -55 116 423 2 0 
-1 36 131 406 11 0 
68 33 230 545 16 0 
-59 76 259 609 20 0 
-76 59 262 566 12 0 
-80 18 155 418 2 0 
30 -61 246 466 4 0 
88 96 264 562 1 0 
7 81 66 326 3 0 
-90 -67 287 537 12 0 
-4 57 72 390 22 0 
-89 97 223 419 24 0 
23 8 201 412 9 0 
90 44 238 529 6 0 
53 -15 160 424 7 0 
-94 -37 81 388 11 0 
83 0 244 441 21 0 
-69 28 245 491 7 0 
-25 -82 271 627 16 0 
81 92 265 606 23 0 
-60 57 155 372 15 0 
-7 97 201 491 18 0 
-13 -57 244 591 6 0 
-34 -48 272 473 17 0 
52 47 206 388 19 0 
-38 3 124 472 16 0 
-83 -97 112 304 19 0 
76 -87 111 450 8 0 
71 -23 64 375 5 0 
-18 67 173 449 13 0 
-45 82 169 413 1 0 
45 -13 196 381 15 0 
-16 -91 91 294 10 0 
79 -48 114 424 21 0 
-22 -80 297 551 3 0 
48 -77 166 408 15 0 
66 44 69 255 21 0 
-84 -79 226 479 7 0 
-52 42 256 446 5 0 
91 8 145 353 22 0 
-70 44 218 476 19 0 
-38 70 180 438 22 0 
78 77 93 437 18 0 
-17 -94 295 540 7 0 
3 31 93 340 10 0 
16 -55 102 442 8 0 
25 -84 120 473 7 0 
-82 -57 95 361 3 0 
-27 61 187 474 12 0 
-86 80 208 477 6 0 
-34 20 145 325 15 0 
95 -61 103 457 14 0 
-85 79 259 470 3 0 
13 -27 132 417 9 0 
-96 35 240 451 17 0 
-62 45 169 461 21 0 
92 -37 142 335 11 0 
-69 32 284 613 25 0 
43 78 255 491 2 0 
-78 -97 288 481 21 0 
63 -28 254 557 5 0 
-50 -7 79 402 17 0 
67 -4 254 568 5 0 
87 68 99 375 12 0 
77 37 145 470 6 0 
-30 -37 155 493 9 0 
-32 -57 67 403 11 0 
-88 67 203 430 20 0 
-70 81 163 431 21 0 
78 73 78 347 2 0 
-84 -80 167 496 12 0 
-36 -23 160 507 21 0 
-3 96 247 442 6 0 
-27 27 181 493 24 0 
22 11 187 545 24 0 
-40 83 239 508 18 0 
93 -75 74 263 22 0 
-70 -69 71 369 12 0 
-76 78 114 455 15 0 
-70 -96 137 370 21 0 
-17 95 114 425 11 0 
-89 6 222 562 17 0 
92 27 179 403 15 0 
53 -12 214 574 13 0 
-97 -41 180 399 12 0 
-49 -55 121 431 23 0 
-11 -83 168 473 20 0 
-82 -83 289 531 1 0 
-26 57 261 477 20 0 
-49 93 252 508 1 0 
-54 55 201 423 15 0 
53 -63 156 412 19 0 
51 90 180 454 8 0 
-83 84 251 502 23 0 
-80 3 62 267 13 0 
-91 14 130 450 18 0 
-55 18 299 484 22 0 
73 91 232 590 9 0 
72 56 127 414 18 0 
-45 42 153 407 14 0 
30 -85 160 407 1 0 
65 87 104 383 25 0 
26 -78 162 480 25 0 
-22 42 276 583 17 0 
84 -60 190 516 16 0 
50 93 299 614 24 0 
67 -41 279 578 14 0 
-10 -81 110 399 16 0 
88 4 294 568 25 0 
95 84 298 518 25 0 
-15 70 218 532 4 0 
-72 -63 167 388 24 0 
-7 63 226 547 6 0 
38 -76 208 554 25 0 
-7 -17 245 500 5 0 
46 58 75 381 8 0 
15 -24 117 403 4 0 
89 15 148 392 4 0 
8 6 234 592 12 0 
-87 89 211 426 22 0 
-60 48 115 384 21 0 
-87 95 157 501 11 0 
44 -15 66 248 8 0 
47 60 117 350 9 0 
40 -28 159 447 5 0 
-25 57 215 459 6 0 
-19 -88 266 575 8 0 
8 21 238 531 17 0 
-4 -57 172 491 25 0 
-98 -26 65 395 3 0 
-27 12 177 520 14 0 
-30 -58 202 388 4 0 
8 -91 272 598 16 0 
65 -5 274 499 12 0 
54 -96 176 376 11 0 
-97 58 145 448 22 0 
97 81 63 347 9 0 
99 -85 235 484 4 0 
-92 -39 204 523 16 0 
-80 99 205 486 8 0 
-4 89 120 389 11 0 
96 -32 174 361 2 0 
89 60 170 392 18 0 
-21 34 129 417 21 0 
-92 42 220 515 8 0 
26 -63 142 468 10 0 
40 99 169 459 4 0 
4 -64 272 526 24 0 
63 -96 144 392 25 0 
98 25 171 459 2 0 
-56 29 207 481 10 0 
56 57 120 351 20 0 
45 -99 175 356 22 0 
-60 -51 77 274 11 0 
-80 -63 205 473 1 0 
-98 -32 220 534 18 0 
7 68 152 408 1 0 
18 60 286 595 18 0 
-86 49 269 471 8 0 
23 90 215 471 21 0 
4 -5 258 469 7 0 
-61 -46 83 306 25 0 
-94 93 77 276 5 0 
-83 49 179 456 22 0 
-17 75 152 453 24 0 
-36 7 298 603 13 0 
-46 15 98 279 11 0 
-6 -91 172 485 7 0 
-51 -15 61 359 5 0 
-6 -49 189 383 10 0 
-89 -96 118 407 23 0 
19 -7 66 305 16 0 
-2 24 155 426 7 0 
-11 -9 144 474 5 0 
-74 1 250 549 7 0 
-21 -28 169 509 9 0 
-73 94 140 423 10 0 
95 0 90 366 21 0 
62 -60 241 586 20 0 
-51 99 263 564 20 0 
-44 93 133 463 14 0 
47 -11 189 473 13 0 
-64 29 259 547 4 0 
-23 3 197 538 19 0 
-62 -45 185 404 15 0 
46 -66 225 483 19 0 
84 38 224 437 18 0 
12 62 286 561 4 0 
-50 -50 188 530 6 0 
-28 -75 216 520 22 0 
-72 -83 228 480 24 0 
-83 61 137 400 4 0 
-11 77 129 349 9 0 
-92 37 205 430 23 0 
-36 -96 229 531 20 0 
-15 88 170 453 20 0 
-48 75 242 459 21 0 
0 -25 155 502 24 0 
-25 71 114 349 10 0 
11 -83 158 373 15 0 
25 64 202 464 2 0 
-33 -28 196 467 16 0 
33 83 232 498 24 0 
-59 -88 148 485 3 0 
90 -92 160 424 4 0 
43 81 289 520 8 0 
52 -92 281 490 13 0 
19 57 148 447 23 0 
-53 69 226 532 15 0 
-88 -96 64 301 12 0 
45 86 283 639 9 0 
87 37 176 360 21 0 
-23 -90 263 592 25 0 
-72 52 247 565 7 0 
-27 88 113 470 13 0 
93 -99 224 574 17 0 
-49 -8 294 596 22 0 
-47 58 125 393 21 0 
-99 86 177 437 17 0 
81 -36 296 618 10 0 
54 23 81 389 21 0 
-94 89 268 463 3 0 
94 1 300 625 2 0 
-67 -38 256 483 11 0 
88 -76 63 327 14 0 
62 -73 144 385 6 0 
-36 62 99 400 3 0 
20 -61 173 432 13 0 
95 -26 290 484 6 0 
12 70 201 527 17 0 
-18 72 300 659 23 0 
-84 -79 282 508 10 0 
-48 -88 214 530 15 0 
-16 66 77 310 18 0 
-24 47 274 568 25 0 
-91 76 147 439 8 0 
-27 -65 300 568 10 0 
53 -62 233 562 18 0 
34 76 198 386 15 0 
-38 -80 203 433 24 0 
95 18 228 441 7 0 
-35 -51 225 544 23 0 
-48 35 172 439 7 0 
-60 -68 143 353 11 0 
-36 -70 93 431 20 0 
-85 -89 297 599 7 0 
-76 -3 133 487 12 0 
27 -30 257 555 6 0 
-28 -31 119 462 16 0 
81 18 294 503 10 0 
-13 -85 145 482 13 0 
-41 -96 218 536 13 0 
51 -29 184 493 19 0 
-33 -93 299 612 4 0 
9 90 233 453 5 0 
-71 56 113 444 9 0 
84 -31 274 575 1 0 
-44 -9 226 423 23 0 
-2 -75 185 494 9 0 
40 -93 163 416 18 0 
-89 61 189 393 8 0 
-86 47 253 508 8 0 
-10 -39 108 399 13 0 
-41 78 180 488 18 0 
43 -60 218 523 8 0 
39 -54 195 547 6 0 
21 -79 166 522 2 0 
-33 -37 78 338 19 0 
85 -23 216 502 10 0 
-8 89 123 362 22 0 
-32 -53 182 515 12 0 
-8 90 220 485 12 0 
7 72 79 369 5 0 
37 -82 145 408 12 0 
55 -25 158 452 19 0 
-84 18 219 541 11 0 
-81 -77 299 647 9 0 
48 60 229 481 23 0 
-56 -65 146 408 24 0 
-46 67 113 431 2 0 
-72 -70 81 288 16 0 
-90 -7 106 373 3 0 
-73 79 85 270 5 0 
67 85 128 416 3 0 
-68 -68 126 324 12 0 
-99 -66 63 253 13 0 
-84 -62 256 556 16 0 
-54 -82 178 534 17 0 
-68 97 96 448 20 0 
27 -32 295 555 17 0 
-63 -96 239 438 7 0 
98 -42 240 424 24 0 
-14 -38 217 499 19 0 
-87 68 242 537 18 0 
-27 -39 127 460 12 0 
93 -59 149 474 19 0 
62 -3 270 613 13 0 
-33 67 282 611 9 0 
77 34 113 325 12 0 
-1 82 274 594 22 0 
-24 68 78 264 3 0 
92 -59 94 317 19 0 
80 -44 202 420 23 0 
-35 38 262 542 19 0 
68 24 94 453 13 0 
86 -93 193 485 1 0 
-12 -78 90 303 21 0 
-77 -60 198 431 24 0 
-77 47 97 278 17 0 
-70 -55 176 361 1 0 
-98 -45 269 624 17 0 
48 -91 212 477 13 0 
-40 87 226 461 2 0 
84 -53 191 476 16 0 
86 -73 79 393 18 0 
-90 50 69 353 25 0 
-87 -34 155 395 16 0 
-81 -97 247 509 15 0 
27 -34 79 419 7 0 
86 54 163 345 7 0 
-71 -6 144 392 22 0 
-50 51 297 554 13 0 
-98 -86 128 437 11 0 
-37 8 237 562 2 0 
76 82 279 606 3 0 
89 -67 145 466 19 0 
12 -77 254 511 22 0 
44 -25 0 
-32 14 0 
37 13 0 
-15 12 0 
32 24 0 
10 -42 0 
37 1 0 
-33 -14 0 
-8 -4 0 
-25 19 0 
23 39 0 
41 45 0 
0 0 0 
84 180 0