61 -53 71 199 1 0 
-63 -22 106 209 4 0 
75 -69 477 597 14 0 
22 -83 69 187 5 0 
-86 -27 316 493 19 0 
-81 -39 97 205 9 0 
19 24 316 446 13 0 
-63 16 97 197 23 0 
96 -67 210 325 24 0 
46 82 337 458 11 0 
94 -93 167 315 6 0 
70 83 115 226 16 0 
8 -97 87 206 5 0 
84 83 300 401 15 0 
-31 -53 119 265 11 0 
-76 -30 151 331 8 0 
98 24 133 299 9 0 
72 -61 338 498 22 0 
-52 -54 265 444 18 0 
-82 -24 308 485 1 0 
-34 -7 253 432 9 0 
12 49 103 224 8 0 
65 32 150 258 24 0 
-49 -60 93 223 15 0 
-89 -7 354 462 1 0 
79 34 428 560 24 0 
-92 13 181 344 11 0 
-22 634 356 503 1 0 
57 78 435 547 6 0 
-91 -57 122 251 17 0 
-17 -57 374 493 13 0 
98 74 418 535 24 0 
80 -34 135 266 21 0 
-81 63 178 331 23 0 
72 -98 386 561 24 0 
-96 72 410 555 3 0 
19 83 130 278 1 0 
-95 32 267 435 22 0 
32 -65 431 585 23 0 
-59 49 177 326 18 0 
-21 -62 144 285 21 0 
-51 -88 112 234 6 0 
24 -77 312 433 2 0 
-83 88 173 349 5 0 
50 -81 230 384 18 0 
-49 11 66 168 4 0 
-64 -42 111 262 14 0 
78 5 102 265 7 0 
49 95 331 484 2 0 
12 -5 434 553 17 0 
-18 68 191 356 12 0 
0 -24 151 315 22 0 
92 -82 202 372 11 0 
92 -12 67 174 9 0 
87 -81 263 391 3 0 
94 -55 71 225 3 0 
-73 62 440 612 21 0 
77 -47 279 409 17 0 
-50 -72 284 464 24 0 
-88 11 410 546 10 0 
-98 -98 138 274 16 0 
-80 14 309 399 18 0 
-40 -34 74 232 2 0 
18 45 181 337 15 0 
-33 -26 108 245 11 0 
-0 24 148 241 9 0 
71 -76 304 422 17 0 
-93 -8 60 190 21 0 
-62 36 117 252 17 0 
33 -24 343 443 8 0 
-97 -51 392 572 25 0 
-77 -69 362 471 22 0 
-66 -92 137 299 2 0 
29 75 415 547 23 0 
-43 98 117 296 1 0 
-13 -77 220 314 24 0 
-29 -73 79 250 14 0 
-59 79 298 452 23 0 
63 81 164 335 6 0 
89 -76 438 557 8 0 
25 -63 241 349 19 0 
87 72 158 292 8 0 
60 -44 238 414 1 0 
-23 91 458 555 4 0 
40 89 208 364 13 0 
-75 -17 103 242 13 0 
73 75 69 208 20 0 
-74 86 470 628 9 0 
-37 -84 324 504 14 0 
19 -7 413 563 7 0 
50 81 271 437 11 0 
-73 -59 176 329 15 0 
-28 -93 71 251 16 0 
-19 57 347 464 11 0 
19 -91 324 504 14 0 
47 -84 281 420 12 0 
-16 69 168 291 4 0 
-18 33 441 554 11 0 
-67 91 321 497 19 0 
28 73 460 581 8 0 
44 -84 376 500 7 0 
8 -9 135 238 19 0 
-60 -13 213 306 9 0 
-23 -46 217 375 24 0 
16 -65 234 368 20 0 
83 -63 383 500 6 0 
-60 -81 61 227 1 0 
-51 -69 357 519 10 0 
-15 -87 201 369 15 0 
97 54 420 534 2 0 
65 -79 414 548 23 0 
-43 74 93 246 2 0 
60 86 67 223 9 0 
-0 -96 126 282 6 0 
37 75 211 323 3 0 
-15 -86 288 401 17 0 
-11 23 309 399 8 0 
-55 -43 129 268 13 0 
-47 32 265 429 22 0 
-69 2 236 416 2 0 
-29 40 112 215 9 0 
-2 93 347 482 5 0 
-43 90 455 590 20 0 
88 11 452 581 18 0 
7 -98 296 413 4 0 
-54 -79 457 558 5 0 
-77 -43 478 580 19 0 
-84 81 144 323 2 0 
-2 -67 470 620 18 0 
50 78 180 326 21 0 
37 98 100 236 18 0 
-95 62 400 543 2 0 
-59 -6 213 317 20 0 
13 91 415 549 13 0 
-18 -60 465 595 13 0 
75 12 275 432 14 0 
-84 -86 88 213 23 0 
-40 -76 231 336 25 0 
97 61 447 565 25 0 
-58 -74 255 355 20 0 
57 84 316 433 15 0 
-76 -98 423 556 4 0 
-19 -16 316 432 17 0 
-56 -91 296 471 5 0 
61 -50 478 610 4 0 
41 -93 336 502 20 0 
0 68 338 479 11 0 
22 -12 246 373 5 0 
-49 -11 272 437 2 0 
82 -12 229 379 3 0 
-44 -24 240 401 15 0 
-23 -82 84 190 22 0 
-96 -68 428 557 2 0 
-0 -52 432 548 7 0 
77 22 99 236 2 0 
-65 0 300 425 22 0 
-53 -43 385 481 15 0 
-15 -57 297 424 22 0 
-51 -70 399 520 14 0 
-98 42 69 182 25 0 
-89 -62 382 556 7 0 
-81 -26 478 655 10 0 
-49 -87 466 637 24 0 
-12 42 77 219 20 0 
85 10 294 406 2 0 
-16 -37 67 220 21 0 
-39 93 387 516 15 0 
-67 -35 118 264 10 0 
28 83 398 578 17 0 
-51 43 79 257 6 0 
19 63 234 371 18 0 
5 32 330 429 14 0 
-67 90 72 228 16 0 
-76 -17 389 485 11 0 
88 28 113 263 9 0 
11 -67 95 211 6 0 
67 -39 79 179 22 0 
74 -17 153 271 24 0 
-94 -31 236 416 19 0 
69 45 382 525 17 0 
-99 90 236 390 16 0 
2 -18 80 185 7 0 
-98 97 259 437 12 0 
-8 35 250 392 7 0 
-70 -56 369 466 9 0 
-8 -70 359 502 16 0 
90 91 179 280 1 0 
-69 40 67 161 1 0 
35 -75 446 606 20 0 
-13 52 180 289 3 0 
-80 -18 108 214 19 0 
-49 62 155 279 8 0 
44 -84 223 372 1 0 
-79 -41 434 527 2 0 
44 -72 68 223 3 0 
-67 -43 264 384 6 0 
87 70 346 487 7 0 
35 -5 296 439 8 0 
78 -87 253 382 17 0 
-69 -91 215 357 5 0 
86 -87 406 561 7 0 
-12 -80 377 494 4 0 
-49 10 277 370 5 0 
4 97 366 494 5 0 
62 74 393 512 11 0 
-37 95 455 574 23 0 
-31 84 142 243 1 0 
75 56 134 263 23 0 
-40 18 434 580 20 0 
77 18 140 306 10 0 
-10 59 461 626 3 0 
98 -65 421 561 25 0 
-52 -11 128 247 10 0 
-21 -95 401 577 12 0 
15 86 198 317 2 0 
19 -72 221 392 5 0 
-30 63 142 277 15 0 
58 -82 192 334 1 0 
-67 16 72 250 4 0 
-31 -79 183 302 12 0 
-86 97 298 402 9 0 
16 -10 317 494 23 0 
-57 81 257 357 6 0 
-78 40 391 489 16 0 
-86 -68 245 402 20 0 
13 16 84 210 5 0 
-91 48 157 317 24 0 
-15 -64 389 479 1 0 
-18 65 107 246 18 0 
-67 1 365 538 16 0 
-85 64 299 395 20 0 
-68 79 374 518 4 0 
43 75 419 580 3 0 
-53 73 304 450 10 0 
34 -35 122 267 9 0 
80 59 317 426 24 0 
-63 63 381 524 22 0 
89 87 427 520 9 0 
-0 96 363 459 19 0 
55 -97 165 298 7 0 
-44 -60 220 330 19 0 
41 -80 261 421 21 0 
-81 25 413 580 2 0 
-89 7 104 254 13 0 
-91 46 381 555 22 0 
-73 -65 348 509 12 0 
-25 -60 420 527 9 0 
-76 -90 350 466 20 0 
65 96 413 577 10 0 
-14 79 395 506 1 0 
30 -11 114 278 11 0 
79 -65 159 296 20 0 
-80 99 204 350 5 0 
-61 56 467 596 9 0 
91 32 235 361 19 0 
-52 -46 309 476 4 0 
13 -77 334 425 13 0 
33 -56 105 211 15 0 
-91 15 210 300 22 0 
3 46 222 346 11 0 
-56 87 97 249 11 0 
69 5 480 622 2 0 
80 -29 297 393 4 0 
22 -8 62 190 16 0 
-98 -5 425 591 3 0 
-92 17 239 390 9 0 
-64 -25 252 379 6 0 
5 53 133 266 19 0 
24 -81 118 278 7 0 
87 35 450 561 20 0 
75 -28 338 516 14 0 
-49 -43 277 430 20 0 
-31 84 300 396 2 0 
20 -14 244 374 20 0 
-89 85 293 440 8 0 
93 17 200 358 10 0 
57 39 472 629 6 0 
-71 -36 413 563 7 0 
-14 89 284 410 2 0 
8 53 370 540 15 0 
-98 -62 345 470 25 0 
-18 -64 224 326 25 0 
-54 -87 312 430 11 0 
-26 -94 74 227 11 0 
41 -70 78 231 8 0 
-8 45 476 573 2 0 
5 -69 381 542 19 0 
16 13 102 210 12 0 
-68 -37 435 561 20 0 
90 -12 127 251 12 0 
82 56 106 242 6 0 
-73 53 313 413 18 0 
86 51 183 322 25 0 
-38 -2 395 567 14 0 
-31 90 312 405 7 0 
-66 92 223 324 6 0 
-61 207 475 636 1 0 
-70 51 188 313 20 0 
-45 -37 344 520 12 0 
0 14 232 336 12 0 
-50 -0 187 307 25 0 
-86 -40 63 162 4 0 
-56 -90 117 274 20 0 
-98 60 363 534 3 0 
16 -25 109 266 4 0 
-76 -6 285 385 23 0 
58 70 282 439 3 0 
-43 94 435 578 21 0 
-80 -67 471 607 15 0 
48 -82 179 274 9 0 
23 22 239 403 17 0 
-25 84 359 454 13 0 
90 23 260 405 9 0 
-49 76 297 408 7 0 
-74 16 184 352 4 0 
9 -64 476 571 4 0 
-39 17 368 467 17 0 
-0 21 405 554 18 0 
55 -50 223 346 19 0 
54 -37 423 599 5 0 
-73 29 310 451 16 0 
35 -82 479 573 14 0 
58 36 107 226 13 0 
-97 -67 467 631 8 0 
82 11 250 390 12 0 
27 -71 139 234 7 0 
-68 26 66 208 18 0 
-1 26 310 489 8 0 
18 -52 398 538 25 0 
-17 83 251 411 7 0 
78 30 335 480 6 0 
-81 79 204 331 21 0 
-81 74 179 300 3 0 
-47 -83 204 339 20 0 
-2 -72 69 196 14 0 
-16 99 134 247 12 0 
-49 -42 426 529 10 0 
77 -90 293 458 17 0 
-37 -84 200 351 23 0 
74 -48 80 218 19 0 
16 -18 442 539 3 0 
73 -39 205 363 13 0 
-21 84 427 554 7 0 
-11 -18 271 444 7 0 
-16 43 328 474 10 0 
-83 -56 370 476 19 0 
67 4 173 317 2 0 
-29 -85 476 621 1 0 
-57 -88 323 463 19 0 
-88 4 392 548 19 0 
49 1 237 385 13 0 
1 -23 87 242 10 0 
19 -31 289 458 17 0 
-81 67 94 263 10 0 
57 10 389 493 18 0 
-61 6 273 385 3 0 
0 -36 290 443 12 0 
-61 38 391 541 7 0 
-38 -90 123 217 9 0 
-98 -91 303 415 20 0 
17 -11 477 653 20 0 
87 8 91 261 21 0 
-82 -57 125 295 15 0 
43 -44 449 560 7 0 
-85 -22 86 229 22 0 
-99 -33 250 421 19 0 
-3 52 268 399 16 0 
-31 61 160 305 21 0 
-69 84 443 538 4 0 
2 -20 220 356 20 0 
97 14 147 273 3 0 
-13 -90 173 303 24 0 
60 -70 449 539 2 0 
51 -9 262 417 13 0 
83 63 171 286 25 0 
50 -50 395 505 20 0 
67 73 465 570 17 0 
29 -18 429 584 23 0 
-56 48 373 520 5 0 
-73 -23 126 302 1 0 
49 -59 200 291 4 0 
37 99 345 437 9 0 
55 89 182 296 7 0 
-37 52 473 629 13 0 
-41 80 270 423 2 0 
-67 -47 162 288 9 0 
-71 64 281 426 6 0 
30 16 192 361 4 0 
5 -36 137 295 4 0 
-19 -94 377 487 23 0 
94 37 208 332 25 0 
-59 -51 310 457 24 0 
83 -37 462 600 20 0 
-31 76 262 406 18 0 
-21 -62 142 261 24 0 
-38 79 218 378 8 0 
-65 -2 199 306 18 0 
-42 -93 247 422 2 0 
-45 64 268 410 24 0 
39 -92 254 381 9 0 
-16 -25 361 504 2 0 
-88 99 126 260 8 0 
44 -83 126 252 24 0 
11 29 313 407 10 0 
-87 -31 289 458 5 0 
-23 -49 344 467 4 0 
44 15 124 214 20 0 
77 56 343 461 8 0 
-99 69 336 438 24 0 
70 -10 137 292 18 0 
-10 -8 231 365 16 0 
5 4 129 284 20 0 
-82 41 184 341 15 0 
-27 -79 93 210 16 0 
70 27 332 478 13 0 
-37 -28 114 278 2 0 
68 66 141 320 4 0 
-77 71 150 240 14 0 
71 71 218 370 19 0 
-19 39 277 384 7 0 
-92 -64 213 382 12 0 
22 -97 265 385 20 0 
-96 8 265 409 7 0 
17 -69 238 397 9 0 
-57 39 161 261 11 0 
-43 -70 324 450 25 0 
76 -94 443 617 9 0 
-63 -32 172 344 11 0 
-27 30 204 332 7 0 
-99 -10 137 243 9 0 
-96 -90 365 475 8 0 
75 33 172 301 4 0 
-97 -68 156 275 18 0 
78 95 219 358 23 0 
64 75 81 209 1 0 
-97 40 111 268 16 0 
-41 75 479 620 2 0 
-93 11 146 237 9 0 
56 -95 155 282 22 0 
16 -25 151 258 20 0 
-42 76 287 385 9 0 
-44 78 111 276 20 0 
-70 -50 302 438 6 0 
43 6 309 474 23 0 
55 -58 114 241 6 0 
20 34 80 173 8 0 
-80 -94 106 268 13 0 
-72 99 113 273 18 0 
88 15 155 271 4 0 
-48 -54 434 557 14 0 
-99 18 108 255 16 0 
28 -88 137 251 13 0 
98 -83 355 525 15 0 
-92 -55 353 446 2 0 
-1 36 362 502 11 0 
68 33 284 438 16 0 
-59 76 363 527 20 0 
-76 59 69 184 12 0 
-80 18 328 475 2 0 
30 -61 215 364 4 0 
88 96 261 390 1 0 
7 81 144 271 3 0 
-90 -67 387 502 12 0 
-4 57 464 588 22 0 
-89 97 280 440 24 0 
23 8 304 465 9 0 
90 44 354 511 6 0 
53 -15 251 365 7 0 
-94 -37 125 286 11 0 
83 0 75 254 21 0 
-69 28 154 271 7 0 
-25 -82 410 590 16 0 
81 92 411 511 23 0 
-60 57 160 316 15 0 
-7 97 198 343 18 0 
-13 -57 207 330 6 0 
-34 -48 220 342 17 0 
52 47 245 407 19 0 
-38 3 300 431 16 0 
-83 -97 200 308 19 0 
76 -87 475 580 8 0 
71 -23 428 537 5 0 
-18 67 398 524 13 0 
-45 82 386 531 1 0 
45 -13 95 221 15 0 
-16 -91 464 595 10 0 
79 -48 452 559 21 0 
-22 -80 433 541 3 0 
48 -77 460 599 15 0 
66 44 87 208 21 0 
-84 -79 390 507 7 0 
-52 42 386 537 5 0 
91 8 139 277 22 0 
-70 44 430 565 19 0 
-38 70 86 212 22 0 
78 77 205 295 18 0 
-17 -94 169 277 7 0 
3 31 182 281 10 0 
16 -55 408 569 8 0 
25 -84 385 496 7 0 
-82 -57 301 443 3 0 
-27 61 71 226 12 0 
-86 80 344 504 6 0 
-34 20 190 354 15 0 
95 -61 478 594 14 0 
-85 79 103 245 3 0 
13 -27 207 356 9 0 
-96 35 368 535 17 0 
-62 45 98 211 21 0 
92 -37 104 265 11 0 
-69 32 106 238 25 0 
43 78 166 316 2 0 
-78 -97 282 390 21 0 
63 -28 438 614 5 0 
-50 -7 234 411 17 0 
67 -4 84 238 5 0 
87 68 62 234 12 0 
77 37 212 309 6 0 
-30 -37 185 327 9 0 
-32 -57 118 283 11 0 
-88 67 384 494 20 0 
-70 81 78 180 21 0 
78 73 66 162 2 0 
-84 -80 64 171 12 0 
-36 -23 468 602 21 0 
-3 96 400 521 6 0 
-27 27 289 467 24 0 
22 11 218 336 24 0 
-40 83 156 333 18 0 
93 -75 351 445 22 0 
-70 -69 298 444 12 0 
-76 78 129 263 15 0 
-70 -96 375 541 21 0 
-17 95 346 508 11 0 
-89 6 345 469 17 0 
92 27 114 282 15 0 
53 -12 444 550 13 0 
-97 -41 185 303 12 0 
-49 -55 204 323 23 0 
-11 -83 441 611 20 0 
-82 -83 139 269 1 0 
-26 57 231 399 20 0 
-49 93 437 615 1 0 
-54 55 212 382 15 0 
53 -63 476 596 19 0 
51 90 156 318 8 0 
-83 84 175 321 23 0 
-80 3 350 502 13 0 
-91 14 375 481 18 0 
-55 18 293 408 22 0 
73 91 276 434 9 0 
72 56 354 471 18 0 
-45 42 244 399 14 0 
30 -85 233 393 1 0 
65 87 160 257 25 0 
26 -78 395 547 25 0 
-22 42 276 389 17 0 
84 -60 127 239 16 0 
50 93 245 345 24 0 
67 -41 129 225 14 0 
-10 -81 229 387 16 0 
88 4 472 634 25 0 
95 84 188 329 25 0 
-15 70 153 329 4 0 
-72 -63 279 446 24 0 
-7 63 72 198 6 0 
38 -76 155 283 25 0 
-7 -17 159 282 5 0 
46 58 166 335 8 0 
15 -24 284 434 4 0 
89 15 314 459 4 0 
8 6 89 202 12 0 
-87 89 477 634 22 0 
-60 48 138 239 21 0 
-87 95 346 506 11 0 
44 -15 246 386 8 0 
47 60 133 286 9 0 
40 -28 211 341 5 0 
-25 57 271 416 6 0 
-19 -88 198 371 8 0 
8 21 68 197 17 0 
-4 -57 296 394 25 0 
-98 -26 235 356 3 0 
-27 12 331 473 14 0 
-30 -58 401 509 4 0 
8 -91 228 348 16 0 
65 -5 432 573 12 0 
54 -96 435 583 11 0 
-97 58 120 241 22 0 
97 81 261 401 9 0 
99 -85 150 319 4 0 
-92 -39 303 395 16 0 
-80 99 471 614 8 0 
-4 89 465 635 11 0 
96 -32 213 359 2 0 
89 60 320 462 18 0 
-21 34 344 486 21 0 
-92 42 330 457 8 0 
26 -63 433 567 10 0 
40 99 97 261 4 0 
4 -64 151 254 24 0 
63 -96 290 397 25 0 
98 25 71 228 2 0 
-56 29 355 501 10 0 
56 57 160 314 20 0 
45 -99 395 515 22 0 
-60 -51 208 327 11 0 
-80 -63 151 306 1 0 
-98 -32 205 328 18 0 
7 68 189 280 1 0 
18 60 301 470 18 0 
-86 49 138 257 8 0 
23 90 457 635 21 0 
4 -5 224 395 7 0 
-61 -46 86 257 25 0 
-94 93 141 302 5 0 
-83 49 414 560 22 0 
-17 75 80 213 24 0 
-36 7 253 352 13 0 
-46 15 212 302 11 0 
-6 -91 220 390 7 0 
-51 -15 135 272 5 0 
-6 -49 444 570 10 0 
-89 -96 131 263 23 0 
19 -7 103 231 16 0 
-2 24 351 499 7 0 
-11 -9 461 622 5 0 
-74 1 367 547 7 0 
-21 -28 303 444 9 0 
-73 94 273 406 10 0 
95 0 136 255 21 0 
62 -60 381 490 20 0 
-51 99 219 324 20 0 
-44 93 384 518 14 0 
47 -11 260 406 13 0 
-64 29 295 400 4 0 
-23 3 448 612 19 0 
-62 -45 151 269 15 0 
46 -66 187 366 19 0 
84 38 322 491 18 0 
12 62 467 612 4 0 
-50 -50 249 339 6 0 
-28 -75 111 275 22 0 
-72 -83 459 583 24 0 
-83 61 124 291 4 0 
-11 77 355 459 9 0 
-92 37 344 469 23 0 
-36 -96 474 576 20 0 
-15 88 339 456 20 0 
-48 75 302 409 21 0 
0 -25 451 567 24 0 
-25 71 87 195 10 0 
11 -83 229 388 15 0 
25 64 331 457 2 0 
-33 -28 472 631 16 0 
33 83 304 422 24 0 
-59 -88 373 538 3 0 
90 -92 219 371 4 0 
43 81 300 461 8 0 
52 -92 310 418 13 0 
19 57 194 292 23 0 
-53 69 82 185 15 0 
-88 -96 448 545 12 0 
45 86 346 519 9 0 
87 37 244 354 21 0 
-23 -90 270 439 25 0 
-72 52 259 398 7 0 
-27 88 274 443 13 0 
93 -99 316 483 17 0 
-49 -8 102 270 22 0 
-47 58 217 359 21 0 
-99 86 287 422 17 0 
81 -36 340 501 10 0 
54 23 275 455 21 0 
-94 89 331 437 3 0 
94 1 100 279 2 0 
-67 -38 126 286 11 0 
88 -76 312 431 14 0 
62 -73 89 242 6 0 
-36 62 173 287 3 0 
20 -61 163 267 13 0 
95 -26 387 497 6 0 
12 70 292 385 17 0 
-18 72 150 255 23 0 
-84 -79 325 490 10 0 
-48 -88 284 403 15 0 
-16 66 372 472 18 0 
-24 47 160 290 25 0 
-91 76 468 593 8 0 
-27 -65 113 286 10 0 
53 -62 348 484 18 0 
34 76 421 548 15 0 
-38 -80 242 360 24 0 
95 18 200 369 7 0 
-35 -51 317 408 23 0 
-48 35 392 560 7 0 
-60 -68 454 572 11 0 
-36 -70 345 447 20 0 
-85 -89 66 158 7 0 
-76 -3 442 603 12 0 
27 -30 277 383 6 0 
-28 -31 370 481 16 0 
81 18 334 467 10 0 
-13 -85 194 298 13 0 
-41 -96 442 567 13 0 
51 -29 467 607 19 0 
-33 -93 117 257 4 0 
9 90 330 428 5 0 
-71 56 248 347 9 0 
84 -31 337 437 1 0 
-44 -9 164 319 23 0 
-2 -75 399 502 9 0 
40 -93 259 387 18 0 
-89 61 248 424 8 0 
-86 47 293 421 8 0 
-10 -39 76 192 13 0 
-41 78 410 536 18 0 
43 -60 152 299 8 0 
39 -54 422 517 6 0 
21 -79 71 213 2 0 
-33 -37 239 409 19 0 
85 -23 150 324 10 0 
-8 89 360 456 22 0 
-32 -53 371 515 12 0 
-8 90 318 424 12 0 
7 72 110 269 5 0 
37 -82 290 447 12 0 
55 -25 467 636 19 0 
-84 18 75 246 11 0 
-81 -77 122 279 9 0 
48 60 422 513 23 0 
-56 -65 378 518 24 0 
-46 67 152 254 2 0 
-72 -70 245 414 16 0 
-90 -7 461 598 3 0 
-73 79 66 211 5 0 
67 85 403 577 3 0 
-68 -68 344 484 12 0 
-99 -66 447 585 13 0 
-84 -62 153 250 16 0 
-54 -82 234 344 17 0 
-68 97 85 209 20 0 
27 -32 172 304 17 0 
-63 -96 396 562 7 0 
98 -42 475 626 24 0 
-14 -38 447 584 19 0 
-87 68 162 310 18 0 
-27 -39 319 410 12 0 
93 -59 352 524 19 0 
62 -3 424 565 13 0 
-33 67 72 177 9 0 
77 34 186 280 12 0 
-1 82 320 463 22 0 
-24 68 194 354 3 0 
92 -59 114 234 19 0 
80 -44 186 310 23 0 
-35 38 345 509 19 0 
68 24 434 571 13 0 
86 -93 332 450 1 0 
-12 -78 466 591 21 0 
-77 -60 99 239 24 0 
-77 47 444 553 17 0 
-70 -55 158 249 1 0 
-98 -45 64 165 17 0 
48 -91 263 402 13 0 
-40 87 261 374 2 0 
84 -53 168 291 16 0 
86 -73 94 196 18 0 
-90 50 413 553 25 0 
-87 -34 283 440 16 0 
-81 -97 308 441 15 0 
27 -34 280 386 7 0 
86 54 335 507 7 0 
-71 -6 423 594 22 0 
-50 51 321 479 13 0 
-98 -86 116 235 11 0 
-37 8 224 359 2 0 
76 82 139 236 3 0 
89 -67 170 287 19 0 
12 -77 269 359 22 0 
44 -25 0 
-32 14 0 
37 13 0 
-15 12 0 
32 24 0 
10 -42 0 
37 1 0 
-33 -14 0 
-8 -4 0 
-25 19 0 
23 39 0 
41 45 0 
0 0 0 
96 180 0