61 -53 283 418 13 0 
-63 -22 197 299 23 0 
75 -69 386 515 11 0 
22 -83 84 194 1 0 
-86 -27 229 339 6 0 
-81 -39 169 281 16 0 
19 24 129 289 25 0 
-63 16 244 387 5 0 
96 -67 100 193 15 0 
46 82 226 328 8 0 
94 -93 233 400 4 0 
70 83 474 588 23 0 
8 -97 91 235 24 0 
84 83 264 424 19 0 
-31 -53 309 402 18 0 
-76 -30 229 364 3 0 
98 24 140 289 10 0 
72 -61 363 458 5 0 
-52 -54 99 246 19 0 
-82 -24 317 475 21 0 
-34 -7 248 389 24 0 
12 49 223 315 4 0 
65 32 378 499 5 0 
-49 -60 201 347 7 0 
-89 -7 227 361 6 0 
79 34 320 427 21 0 
-92 13 375 489 24 0 
-22 634 195 343 1 0 
57 78 223 322 21 0 
-91 -57 476 593 25 0 
-17 -57 206 355 20 0 
98 74 362 487 7 0 
80 -34 176 296 4 0 
-81 63 357 467 2 0 
72 -98 273 440 25 0 
-96 72 252 371 2 0 
19 83 214 373 11 0 
-95 32 134 229 12 0 
32 -65 197 329 14 0 
-59 49 270 430 20 0 
-21 -62 319 425 1 0 
-51 -88 259 416 9 0 
24 -77 356 523 22 0 
-83 88 84 236 21 0 
50 -81 401 568 5 0 
-49 11 423 518 5 0 
-64 -42 232 337 24 0 
78 5 70 234 2 0 
49 95 83 203 21 0 
12 -5 386 562 20 0 
-18 68 207 359 7 0 
0 -24 168 299 17 0 
92 -82 184 305 25 0 
92 -12 211 325 24 0 
87 -81 202 380 2 0 
94 -55 166 321 17 0 
-73 62 171 313 11 0 
77 -47 102 239 11 0 
-50 -72 399 570 6 0 
-88 11 78 212 8 0 
-98 -98 389 489 17 0 
-80 14 370 539 18 0 
-40 -34 205 312 21 0 
18 45 305 430 3 0 
-33 -26 422 559 23 0 
-0 24 476 572 5 0 
71 -76 268 411 13 0 
-93 -8 346 459 25 0 
-62 36 230 364 14 0 
33 -24 366 458 16 0 
-97 -51 243 379 11 0 
-77 -69 435 596 16 0 
-66 -92 220 315 24 0 
29 75 268 366 25 0 
-43 98 246 410 2 0 
-13 -77 149 240 6 0 
-29 -73 257 412 2 0 
-59 79 72 220 3 0 
63 81 406 553 20 0 
89 -76 198 311 21 0 
25 -63 323 484 17 0 
87 72 469 573 6 0 
60 -44 420 546 16 0 
-23 91 73 185 16 0 
40 89 360 485 7 0 
-75 -17 152 264 6 0 
73 75 348 475 5 0 
-74 86 308 407 23 0 
-37 -84 380 522 15 0 
19 -7 479 569 15 0 
50 81 173 303 11 0 
-73 -59 79 211 15 0 
-28 -93 228 329 1 0 
-19 57 306 415 22 0 
19 -91 288 381 11 0 
47 -84 207 385 18 0 
-16 69 409 566 4 0 
-18 33 393 551 16 0 
-67 91 177 284 10 0 
28 73 276 444 13 0 
44 -84 276 419 21 0 
8 -9 191 306 14 0 
-60 -13 149 313 6 0 
-23 -46 249 384 1 0 
16 -65 386 494 12 0 
83 -63 82 211 13 0 
-60 -81 414 511 7 0 
-51 -69 242 418 3 0 
-15 -87 394 530 6 0 
97 54 437 606 1 0 
65 -79 306 406 1 0 
-43 74 170 340 19 0 
60 86 230 392 20 0 
-0 -96 328 444 20 0 
37 75 339 516 10 0 
-15 -86 165 334 25 0 
-11 23 305 466 5 0 
-55 -43 420 557 9 0 
-47 32 422 565 4 0 
-69 2 467 573 4 0 
-29 40 229 378 22 0 
-2 93 341 455 17 0 
-43 90 247 403 20 0 
88 11 110 220 20 0 
7 -98 291 410 5 0 
-54 -79 84 192 11 0 
-77 -43 298 424 23 0 
-84 81 450 624 18 0 
-2 -67 62 225 17 0 
50 78 107 254 18 0 
37 98 306 463 20 0 
-95 62 141 308 2 0 
-59 -6 161 339 14 0 
13 91 350 511 13 0 
-18 -60 125 244 18 0 
75 12 350 454 2 0 
-84 -86 312 449 17 0 
-40 -76 390 505 15 0 
97 61 313 425 6 0 
-58 -74 223 331 5 0 
57 84 94 247 14 0 
-76 -98 234 400 11 0 
-19 -16 350 472 15 0 
-56 -91 450 550 7 0 
61 -50 89 201 16 0 
41 -93 137 309 5 0 
0 68 377 498 21 0 
22 -12 126 256 9 0 
-49 -11 390 494 22 0 
82 -12 351 504 11 0 
-44 -24 83 208 23 0 
-23 -82 374 481 14 0 
-96 -68 93 223 22 0 
-0 -52 463 610 24 0 
77 22 180 346 6 0 
-65 0 381 535 10 0 
-53 -43 441 549 13 0 
-15 -57 60 206 5 0 
-51 -70 389 525 18 0 
-98 42 343 452 23 0 
-89 -62 60 172 23 0 
-81 -26 336 503 4 0 
-49 -87 141 312 18 0 
-12 42 151 251 6 0 
85 10 165 316 14 0 
-16 -37 222 346 14 0 
-39 93 282 444 16 0 
-67 -35 366 536 3 0 
28 83 146 280 4 0 
-51 43 318 484 8 0 
19 63 332 448 1 0 
5 32 183 324 7 0 
-67 90 82 179 6 0 
-76 -17 74 225 13 0 
88 28 417 544 22 0 
11 -67 279 430 18 0 
67 -39 249 370 9 0 
74 -17 69 179 2 0 
-94 -31 331 429 8 0 
69 45 118 293 5 0 
-99 90 270 393 10 0 
2 -18 189 316 25 0 
-98 97 399 546 2 0 
-8 35 346 450 12 0 
-70 -56 346 509 25 0 
-8 -70 455 619 23 0 
90 91 149 306 20 0 
-69 40 382 476 19 0 
35 -75 285 440 15 0 
-13 52 63 175 21 0 
-80 -18 439 531 16 0 
-49 62 147 288 11 0 
44 -84 338 455 21 0 
-79 -41 129 290 16 0 
44 -72 107 258 17 0 
-67 -43 254 399 3 0 
87 70 191 298 11 0 
35 -5 106 246 24 0 
78 -87 76 185 24 0 
-69 -91 317 453 4 0 
86 -87 210 339 13 0 
-12 -80 191 344 21 0 
-49 10 266 442 14 0 
4 97 276 410 1 0 
62 74 311 484 10 0 
-37 95 360 474 21 0 
-31 84 216 363 3 0 
75 56 310 407 17 0 
-40 18 163 316 6 0 
77 18 299 444 1 0 
-10 59 148 328 25 0 
98 -65 126 253 21 0 
-52 -11 263 414 8 0 
-21 -95 308 416 23 0 
15 86 228 341 17 0 
19 -72 256 402 22 0 
-30 63 335 455 12 0 
58 -82 381 493 18 0 
-67 16 183 352 15 0 
-31 -79 121 218 5 0 
-86 97 95 243 3 0 
16 -10 313 465 21 0 
-57 81 143 267 15 0 
-78 40 78 180 18 0 
-86 -68 149 301 13 0 
13 16 182 355 21 0 
-91 48 303 425 4 0 
-15 -64 72 195 18 0 
-18 65 142 260 4 0 
-67 1 250 401 23 0 
-85 64 427 551 13 0 
-68 79 290 448 1 0 
43 75 72 232 22 0 
-53 73 80 232 11 0 
34 -35 381 534 17 0 
80 59 211 337 8 0 
-63 63 180 349 8 0 
89 87 312 435 22 0 
-0 96 478 612 7 0 
55 -97 192 308 3 0 
-44 -60 304 418 12 0 
41 -80 64 222 23 0 
-81 25 431 590 9 0 
-89 7 315 441 11 0 
-91 46 69 227 2 0 
-73 -65 300 403 12 0 
-25 -60 462 564 7 0 
-76 -90 319 456 1 0 
65 96 249 353 8 0 
-14 79 401 517 12 0 
30 -11 168 323 22 0 
79 -65 122 236 8 0 
-80 99 413 563 12 0 
-61 56 459 624 8 0 
91 32 450 591 5 0 
-52 -46 270 367 6 0 
13 -77 422 565 7 0 
33 -56 133 263 25 0 
-91 15 124 263 23 0 
3 46 75 250 8 0 
-56 87 241 358 10 0 
69 5 228 375 17 0 
80 -29 125 241 13 0 
22 -8 480 576 6 0 
-98 -5 313 461 24 0 
-92 17 448 544 23 0 
-64 -25 392 499 13 0 
5 53 218 397 4 0 
24 -81 410 549 13 0 
87 35 396 517 8 0 
75 -28 317 478 17 0 
-49 -43 306 407 25 0 
-31 84 93 186 20 0 
20 -14 273 403 4 0 
-89 85 156 332 21 0 
93 17 194 358 3 0 
57 39 179 343 17 0 
-71 -36 289 421 24 0 
-14 89 241 383 15 0 
8 53 239 385 25 0 
-98 -62 328 483 5 0 
-18 -64 391 570 16 0 
-54 -87 222 402 17 0 
-26 -94 418 528 16 0 
41 -70 470 622 25 0 
-8 45 398 534 7 0 
5 -69 437 548 14 0 
16 13 127 268 4 0 
-68 -37 423 515 22 0 
90 -12 384 516 14 0 
82 56 273 437 24 0 
-73 53 387 517 8 0 
86 51 153 246 2 0 
-38 -2 445 624 20 0 
-31 90 189 299 6 0 
-66 92 375 514 5 0 
-61 207 192 364 1 0 
-70 51 126 239 15 0 
-45 -37 337 458 24 0 
0 14 388 501 4 0 
-50 -0 70 207 25 0 
-86 -40 448 564 7 0 
-56 -90 286 410 4 0 
-98 60 324 463 13 0 
16 -25 418 530 3 0 
-76 -6 290 459 5 0 
58 70 305 420 10 0 
-43 94 324 434 25 0 
-80 -67 118 285 13 0 
48 -82 321 482 19 0 
23 22 472 643 25 0 
-25 84 89 252 22 0 
90 23 328 453 17 0 
-49 76 368 483 24 0 
-74 16 163 300 12 0 
9 -64 264 412 7 0 
-39 17 85 186 9 0 
-0 21 149 275 22 0 
55 -50 356 467 13 0 
54 -37 196 316 17 0 
-73 29 363 539 24 0 
35 -82 283 448 15 0 
58 36 70 242 13 0 
-97 -67 175 272 14 0 
82 11 287 461 1 0 
27 -71 377 470 22 0 
-68 26 276 430 14 0 
-1 26 360 532 6 0 
18 -52 194 373 23 0 
-17 83 93 251 6 0 
78 30 80 260 14 0 
-81 79 271 449 13 0 
-81 74 368 547 25 0 
-47 -83 170 260 25 0 
-2 -72 279 446 13 0 
-16 99 361 534 9 0 
-49 -42 77 185 22 0 
77 -90 284 438 24 0 
-37 -84 86 223 24 0 
74 -48 280 374 1 0 
16 -18 291 410 25 0 
73 -39 120 265 6 0 
-21 84 71 210 16 0 
-11 -18 374 554 10 0 
-16 43 265 382 19 0 
-83 -56 340 503 17 0 
67 4 465 623 3 0 
-29 -85 174 312 13 0 
-57 -88 457 591 7 0 
-88 4 117 291 21 0 
49 1 460 577 2 0 
1 -23 223 367 22 0 
19 -31 72 188 9 0 
-81 67 337 477 2 0 
57 10 452 599 14 0 
-61 6 150 327 14 0 
0 -36 139 239 23 0 
-61 38 150 258 3 0 
-38 -90 110 212 8 0 
-98 -91 355 448 20 0 
17 -11 437 532 15 0 
87 8 200 339 8 0 
-82 -57 365 468 5 0 
43 -44 229 352 21 0 
-85 -22 230 377 25 0 
-99 -33 296 425 7 0 
-3 52 476 583 7 0 
-31 61 475 605 12 0 
-69 84 340 485 19 0 
2 -20 343 506 20 0 
97 14 158 315 7 0 
-13 -90 392 566 13 0 
60 -70 325 490 17 0 
51 -9 153 278 9 0 
83 63 228 350 25 0 
50 -50 126 231 9 0 
67 73 92 222 17 0 
29 -18 332 509 1 0 
-56 48 460 558 5 0 
-73 -23 253 364 3 0 
49 -59 253 353 8 0 
37 99 108 258 11 0 
55 89 87 208 17 0 
-37 52 295 464 12 0 
-41 80 80 215 24 0 
-67 -47 261 384 4 0 
-71 64 227 334 6 0 
30 16 190 287 7 0 
5 -36 433 570 13 0 
-19 -94 70 228 24 0 
94 37 325 443 2 0 
-59 -51 221 367 9 0 
83 -37 328 444 4 0 
-31 76 137 306 20 0 
-21 -62 395 495 24 0 
-38 79 119 237 13 0 
-65 -2 345 444 10 0 
-42 -93 263 435 12 0 
-45 64 227 324 19 0 
39 -92 213 360 19 0 
-16 -25 109 278 18 0 
-88 99 158 253 13 0 
44 -83 126 235 14 0 
11 29 86 186 18 0 
-87 -31 264 404 19 0 
-23 -49 231 365 12 0 
44 15 108 201 8 0 
77 56 468 581 19 0 
-99 69 456 559 21 0 
70 -10 413 559 9 0 
-10 -8 382 559 2 0 
5 4 178 275 4 0 
-82 41 238 400 12 0 
-27 -79 480 618 6 0 
70 27 270 423 9 0 
-37 -28 156 284 9 0 
68 66 228 318 15 0 
-77 71 457 590 7 0 
71 71 276 389 18 0 
-19 39 408 547 23 0 
-92 -64 141 309 24 0 
22 -97 319 478 25 0 
-96 8 296 442 16 0 
17 -69 268 396 9 0 
-57 39 348 473 3 0 
-43 -70 294 388 10 0 
76 -94 360 462 21 0 
-63 -32 71 170 2 0 
-27 30 332 502 3 0 
-99 -10 418 519 9 0 
-96 -90 470 574 8 0 
75 33 73 237 14 0 
-97 -68 230 331 6 0 
78 95 251 361 2 0 
64 75 282 447 16 0 
-97 40 130 297 16 0 
-41 75 473 596 19 0 
-93 11 115 219 17 0 
56 -95 98 257 21 0 
16 -25 363 534 25 0 
-42 76 392 556 7 0 
-44 78 391 486 12 0 
-70 -50 93 246 20 0 
43 6 202 327 14 0 
55 -58 348 512 19 0 
20 34 373 466 23 0 
-80 -94 107 274 6 0 
-72 99 441 621 9 0 
88 15 251 428 13 0 
-48 -54 462 641 15 0 
-99 18 262 355 8 0 
28 -88 332 474 25 0 
98 -83 201 319 18 0 
-92 -55 364 469 2 0 
-1 36 143 302 14 0 
68 33 453 613 5 0 
-59 76 357 475 22 0 
-76 59 191 354 7 0 
-80 18 104 281 17 0 
30 -61 316 448 5 0 
88 96 167 276 10 0 
7 81 384 501 16 0 
-90 -67 111 247 20 0 
-4 57 76 199 18 0 
-89 97 175 301 2 0 
23 8 264 432 24 0 
90 44 301 452 17 0 
53 -15 311 473 5 0 
-94 -37 436 564 18 0 
83 0 329 508 5 0 
-69 28 451 611 13 0 
-25 -82 204 380 24 0 
81 92 438 579 20 0 
-60 57 135 279 24 0 
-7 97 382 482 6 0 
-13 -57 169 266 4 0 
-34 -48 83 226 10 0 
52 47 277 411 17 0 
-38 3 461 571 14 0 
-83 -97 88 197 3 0 
76 -87 276 366 24 0 
71 -23 256 423 12 0 
-18 67 377 536 25 0 
-45 82 237 352 24 0 
45 -13 210 358 15 0 
-16 -91 409 561 15 0 
79 -48 394 522 23 0 
-22 -80 211 307 18 0 
48 -77 284 378 2 0 
66 44 123 273 13 0 
-84 -79 115 281 23 0 
-52 42 189 312 9 0 
91 8 397 555 16 0 
-70 44 220 358 16 0 
-38 70 376 503 2 0 
78 77 290 389 16 0 
-17 -94 282 428 15 0 
3 31 242 389 16 0 
16 -55 207 376 15 0 
25 -84 430 565 18 0 
-82 -57 164 261 12 0 
-27 61 189 316 5 0 
-86 80 182 320 21 0 
-34 20 337 495 16 0 
95 -61 288 451 24 0 
-85 79 298 470 22 0 
13 -27 379 516 14 0 
-96 35 226 398 14 0 
-62 45 395 507 15 0 
92 -37 244 374 21 0 
-69 32 434 602 12 0 
43 78 391 526 22 0 
-78 -97 378 522 12 0 
63 -28 296 442 4 0 
-50 -7 262 381 6 0 
67 -4 466 578 19 0 
87 68 439 576 2 0 
77 37 329 508 8 0 
-30 -37 172 296 20 0 
-32 -57 407 586 16 0 
-88 67 149 281 17 0 
-70 81 181 278 5 0 
78 73 95 226 25 0 
-84 -80 93 217 22 0 
-36 -23 276 415 22 0 
-3 96 476 622 14 0 
-27 27 335 489 17 0 
22 11 119 258 9 0 
-40 83 302 469 3 0 
93 -75 265 395 17 0 
-70 -69 152 286 8 0 
-76 78 211 314 9 0 
-70 -96 84 242 23 0 
-17 95 406 583 7 0 
-89 6 243 349 16 0 
92 27 203 321 1 0 
53 -12 255 430 5 0 
-97 -41 427 584 16 0 
-49 -55 232 351 4 0 
-11 -83 198 369 11 0 
-82 -83 468 646 5 0 
-26 57 229 328 18 0 
-49 93 449 566 12 0 
-54 55 72 207 2 0 
53 -63 119 209 14 0 
51 90 418 539 15 0 
-83 84 133 244 3 0 
-80 3 113 293 20 0 
-91 14 144 278 14 0 
-55 18 230 348 7 0 
73 91 262 354 22 0 
72 56 379 470 16 0 
-45 42 249 358 7 0 
30 -85 275 392 3 0 
65 87 139 274 15 0 
26 -78 345 459 10 0 
-22 42 228 322 4 0 
84 -60 187 292 18 0 
50 93 461 612 8 0 
67 -41 111 239 24 0 
-10 -81 262 423 9 0 
88 4 458 608 6 0 
95 84 426 569 16 0 
-15 70 152 268 16 0 
-72 -63 265 420 6 0 
-7 63 422 595 23 0 
38 -76 444 538 19 0 
-7 -17 154 245 8 0 
46 58 188 293 16 0 
15 -24 285 427 15 0 
89 15 155 322 10 0 
8 6 429 564 20 0 
-87 89 338 428 4 0 
-60 48 127 262 17 0 
-87 95 122 278 21 0 
44 -15 462 553 16 0 
47 60 265 428 3 0 
40 -28 261 399 7 0 
-25 57 435 597 8 0 
-19 -88 461 636 5 0 
8 21 395 519 18 0 
-4 -57 315 428 5 0 
-98 -26 224 315 14 0 
-27 12 69 213 22 0 
-30 -58 391 569 12 0 
8 -91 205 347 18 0 
65 -5 457 574 16 0 
54 -96 322 477 16 0 
-97 58 373 529 22 0 
97 81 163 271 2 0 
99 -85 288 463 13 0 
-92 -39 79 213 4 0 
-80 99 306 457 11 0 
-4 89 253 358 22 0 
96 -32 283 417 16 0 
89 60 268 430 20 0 
-21 34 69 209 17 0 
-92 42 304 408 2 0 
26 -63 459 628 2 0 
40 99 305 469 11 0 
4 -64 98 205 23 0 
63 -96 102 263 13 0 
98 25 81 242 1 0 
-56 29 435 576 18 0 
56 57 161 290 7 0 
45 -99 296 460 10 0 
-60 -51 193 355 5 0 
-80 -63 65 211 8 0 
-98 -32 316 458 9 0 
7 68 126 268 25 0 
18 60 104 257 15 0 
-86 49 206 365 13 0 
23 90 73 241 14 0 
4 -5 71 172 14 0 
-61 -46 162 263 6 0 
-94 93 264 419 6 0 
-83 49 221 357 10 0 
-17 75 323 456 17 0 
-36 7 231 391 1 0 
-46 15 345 448 22 0 
-6 -91 238 356 24 0 
-51 -15 249 360 5 0 
-6 -49 264 436 3 0 
-89 -96 130 294 7 0 
19 -7 103 221 17 0 
-2 24 193 340 3 0 
-11 -9 443 561 3 0 
-74 1 476 614 20 0 
-21 -28 83 217 19 0 
-73 94 403 530 17 0 
95 0 179 302 9 0 
62 -60 391 516 6 0 
-51 99 87 218 15 0 
-44 93 454 590 6 0 
47 -11 335 479 13 0 
-64 29 139 236 24 0 
-23 3 157 263 13 0 
-62 -45 133 232 5 0 
46 -66 72 229 17 0 
84 38 477 585 13 0 
12 62 392 530 22 0 
-50 -50 352 499 17 0 
-28 -75 404 559 7 0 
-72 -83 394 536 12 0 
-83 61 257 382 20 0 
-11 77 267 435 1 0 
-92 37 355 498 19 0 
-36 -96 210 373 18 0 
-15 88 305 429 19 0 
-48 75 430 529 14 0 
0 -25 455 627 25 0 
-25 71 424 561 15 0 
11 -83 301 477 10 0 
25 64 81 215 2 0 
-33 -28 114 281 10 0 
33 83 74 167 25 0 
-59 -88 187 337 14 0 
90 -92 107 236 25 0 
43 81 431 583 10 0 
52 -92 63 166 14 0 
19 57 67 227 8 0 
-53 69 143 274 16 0 
-88 -96 245 423 17 0 
45 86 284 449 1 0 
87 37 104 235 15 0 
-23 -90 316 472 23 0 
-72 52 414 575 2 0 
-27 88 203 336 8 0 
93 -99 75 255 16 0 
-49 -8 70 235 20 0 
-47 58 201 320 17 0 
-99 86 117 237 12 0 
81 -36 466 598 1 0 
54 23 257 368 18 0 
-94 89 171 331 4 0 
94 1 147 246 6 0 
-67 -38 318 490 10 0 
88 -76 431 547 8 0 
62 -73 307 479 3 0 
-36 62 453 624 14 0 
20 -61 74 213 1 0 
95 -26 215 359 3 0 
12 70 373 534 25 0 
-18 72 407 509 9 0 
-84 -79 183 338 11 0 
-48 -88 170 279 9 0 
-16 66 303 474 2 0 
-24 47 187 297 4 0 
-91 76 109 277 18 0 
-27 -65 436 563 15 0 
53 -62 259 384 14 0 
34 76 321 424 3 0 
-38 -80 185 326 20 0 
95 18 478 636 22 0 
-35 -51 298 410 23 0 
-48 35 162 322 3 0 
-60 -68 476 640 10 0 
-36 -70 441 541 16 0 
-85 -89 190 281 13 0 
-76 -3 250 408 18 0 
27 -30 360 476 14 0 
-28 -31 201 329 14 0 
81 18 238 414 11 0 
-13 -85 81 246 17 0 
-41 -96 384 561 22 0 
51 -29 371 474 7 0 
-33 -93 300 465 15 0 
9 90 202 338 10 0 
-71 56 253 347 25 0 
84 -31 110 219 1 0 
-44 -9 446 614 15 0 
-2 -75 341 450 17 0 
40 -93 136 283 19 0 
-89 61 480 603 18 0 
-86 47 363 525 15 0 
-10 -39 266 445 16 0 
-41 78 349 481 18 0 
43 -60 241 411 13 0 
39 -54 81 256 23 0 
21 -79 297 462 14 0 
-33 -37 409 533 2 0 
85 -23 359 489 14 0 
-8 89 235 358 23 0 
-32 -53 297 440 23 0 
-8 90 97 264 21 0 
7 72 93 214 16 0 
37 -82 117 251 5 0 
55 -25 238 352 22 0 
-84 18 412 554 9 0 
-81 -77 269 428 22 0 
48 60 374 466 4 0 
-56 -65 370 524 23 0 
-46 67 113 267 14 0 
-72 -70 435 597 13 0 
-90 -7 466 588 13 0 
-73 79 380 502 8 0 
67 85 313 466 14 0 
-68 -68 474 608 1 0 
-99 -66 177 328 19 0 
-84 -62 135 303 22 0 
-54 -82 443 578 21 0 
-68 97 333 423 4 0 
27 -32 165 273 18 0 
-63 -96 152 307 7 0 
98 -42 131 260 13 0 
-14 -38 281 447 1 0 
-87 68 89 246 4 0 
-27 -39 125 304 20 0 
93 -59 469 639 13 0 
62 -3 431 590 17 0 
-33 67 278 440 5 0 
77 34 329 470 4 0 
-1 82 111 228 24 0 
-24 68 181 339 20 0 
92 -59 140 246 2 0 
80 -44 412 516 21 0 
-35 38 95 246 21 0 
68 24 269 449 6 0 
86 -93 216 320 23 0 
-12 -78 250 430 5 0 
-77 -60 143 305 3 0 
-77 47 127 245 23 0 
-70 -55 108 205 19 0 
-98 -45 124 255 22 0 
48 -91 262 427 6 0 
-40 87 276 405 20 0 
84 -53 125 284 6 0 
86 -73 124 233 2 0 
-90 50 422 552 2 0 
-87 -34 114 222 11 0 
-81 -97 118 290 17 0 
27 -34 142 276 14 0 
86 54 422 534 13 0 
-71 -6 332 453 21 0 
-50 51 156 263 21 0 
-98 -86 138 242 10 0 
-37 8 422 597 5 0 
76 82 304 473 21 0 
89 -67 68 242 21 0 
12 -77 126 228 2 0 
32 79 363 522 24 0 
-85 -74 384 502 22 0 
-2 30 342 521 11 0 
-17 -19 240 341 1 0 
3 98 198 375 18 0 
-87 11 389 546 10 0 
45 -75 247 422 12 0 
71 5 310 457 10 0 
-31 58 63 226 8 0 
65 99 205 339 24 0 
-56 -13 254 403 6 0 
-1 92 182 279 3 0 
-29 -42 314 467 4 0 
0 36 322 483 25 0 
80 -60 467 560 9 0 
-55 26 415 538 22 0 
72 -52 147 282 22 0 
-42 78 214 375 21 0 
38 -18 191 340 17 0 
85 19 361 479 6 0 
2 22 469 562 17 0 
-64 -8 135 254 9 0 
21 4 412 520 13 0 
-13 64 476 574 1 0 
-37 -73 270 439 8 0 
-31 -93 269 401 3 0 
-97 -65 120 298 2 0 
85 52 149 242 25 0 
87 -55 336 438 18 0 
7 -83 274 365 17 0 
-81 81 440 577 10 0 
63 -64 61 160 4 0 
67 -33 201 362 19 0 
81 96 187 362 3 0 
-52 36 116 263 4 0 
87 -44 317 426 24 0 
62 -81 266 365 18 0 
90 -71 293 426 16 0 
74 -63 234 373 9 0 
-73 29 480 650 9 0 
-72 -66 331 444 9 0 
-56 -12 272 368 23 0 
-75 -62 70 181 19 0 
53 -10 253 361 25 0 
-33 -34 295 432 16 0 
-15 -74 198 319 22 0 
-21 60 272 388 7 0 
86 -10 102 252 15 0 
42 69 161 253 20 0 
73 -5 435 590 24 0 
-29 57 345 473 17 0 
-69 -46 87 234 12 0 
-57 -71 183 306 10 0 
-88 -61 323 444 5 0 
38 70 462 602 24 0 
75 92 472 624 20 0 
21 -29 174 275 5 0 
-85 97 161 313 5 0 
94 8 347 495 8 0 
33 55 210 347 23 0 
51 -31 260 351 13 0 
80 -60 442 607 10 0 
-23 75 198 345 4 0 
11 99 290 450 8 0 
-26 -31 228 341 6 0 
-3 -85 218 338 7 0 
-43 -19 452 581 21 0 
55 -94 393 506 21 0 
-48 -63 117 287 20 0 
96 -7 413 565 1 0 
49 -72 139 248 1 0 
-7 85 335 503 3 0 
-26 -99 441 611 2 0 
86 -52 86 207 17 0 
-51 3 385 522 2 0 
82 -56 315 493 19 0 
1 43 73 203 6 0 
28 -95 400 502 22 0 
72 -69 340 515 9 0 
-31 -32 84 174 22 0 
-6 -65 167 307 16 0 
77 -60 219 361 6 0 
98 -37 82 244 11 0 
-87 -21 96 202 2 0 
72 -79 87 233 14 0 
-65 -45 428 540 14 0 
82 -44 113 280 9 0 
78 -44 440 539 1 0 
82 -19 445 561 8 0 
97 87 359 490 13 0 
-97 58 137 270 2 0 
57 53 63 161 5 0 
-31 56 158 331 5 0 
68 38 172 341 13 0 
82 83 386 503 12 0 
-62 18 346 506 16 0 
80 -72 464 558 6 0 
72 -23 448 573 15 0 
-97 -0 237 380 12 0 
88 -31 61 200 22 0 
-96 -64 349 480 5 0 
-77 76 152 276 12 0 
0 -91 313 470 25 0 
-49 -76 409 506 1 0 
44 20 97 201 19 0 
-41 -43 435 575 3 0 
41 -85 169 309 18 0 
-13 40 222 356 21 0 
98 83 148 255 18 0 
84 39 422 571 23 0 
61 19 281 393 17 0 
-85 41 394 529 3 0 
-50 -74 156 266 4 0 
-84 66 228 346 17 0 
-54 -24 133 247 2 0 
30 58 275 399 8 0 
-75 53 370 497 12 0 
-48 -48 184 328 20 0 
-26 98 341 519 1 0 
-35 66 358 533 16 0 
-45 85 434 580 8 0 
-4 44 164 335 16 0 
86 29 146 319 2 0 
-69 -36 118 276 13 0 
-7 -84 193 283 9 0 
-50 52 125 269 21 0 
60 -86 97 235 21 0 
-93 -31 232 376 10 0 
22 -53 236 401 8 0 
-0 39 385 509 20 0 
-47 -45 88 184 17 0 
49 -14 71 231 5 0 
72 85 374 533 17 0 
49 81 277 402 2 0 
64 -64 453 619 2 0 
89 -56 139 250 6 0 
32 40 326 435 9 0 
-60 -44 356 515 16 0 
-33 -69 297 410 21 0 
41 -7 67 236 14 0 
58 -75 161 261 10 0 
93 -1 223 344 12 0 
50 -86 443 541 21 0 
83 38 333 449 12 0 
-41 -16 297 467 20 0 
-47 90 399 527 16 0 
85 -23 148 297 22 0 
-2 -79 224 326 23 0 
9 65 357 467 4 0 
57 72 249 341 11 0 
-42 -59 216 337 1 0 
-26 65 220 371 5 0 
54 -83 382 492 19 0 
-24 96 224 399 10 0 
26 -95 344 434 19 0 
-93 35 475 615 15 0 
-54 96 224 397 21 0 
96 -20 444 571 24 0 
-51 -16 225 336 19 0 
-76 34 226 360 19 0 
79 -58 387 562 6 0 
42 -22 314 452 19 0 
77 55 370 533 25 0 
-52 -24 196 304 4 0 
-35 50 224 338 7 0 
98 87 160 319 22 0 
59 74 405 524 5 0 
-64 23 376 495 21 0 
73 -12 302 450 13 0 
2 -96 365 524 19 0 
6 -95 315 420 24 0 
5 97 193 285 18 0 
86 57 94 225 4 0 
-49 -54 270 378 10 0 
60 88 248 418 1 0 
69 47 63 209 19 0 
35 -23 224 369 12 0 
-42 54 463 620 20 0 
73 -34 296 472 3 0 
-31 75 223 338 5 0 
44 -25 0 
-32 14 0 
37 13 0 
-15 12 0 
32 24 0 
10 -42 0 
37 1 0 
-33 -14 0 
-8 -4 0 
-25 19 0 
23 39 0 
41 45 0 
0 0 0 
120 170 0