61 -53 79 330 13 0 
-63 -22 61 291 23 0 
75 -69 195 531 11 0 
22 -83 264 500 1 0 
-86 -27 270 588 6 0 
-81 -39 179 461 16 0 
19 24 119 458 25 0 
-63 16 129 339 5 0 
96 -67 119 475 15 0 
46 82 102 327 8 0 
94 -93 298 551 4 0 
70 83 241 553 23 0 
8 -97 285 511 24 0 
84 83 293 508 19 0 
-31 -53 134 447 18 0 
-76 -30 281 520 3 0 
98 24 113 326 10 0 
72 -61 147 413 5 0 
-52 -54 71 290 19 0 
-82 -24 61 367 21 0 
-34 -7 200 483 24 0 
12 49 156 361 4 0 
65 32 104 380 5 0 
-49 -60 163 369 7 0 
-89 -7 227 577 6 0 
79 34 261 532 21 0 
-92 13 98 322 24 0 
-22 634 177 390 1 0 
57 78 266 455 21 0 
-91 -57 198 401 25 0 
-17 -57 155 387 20 0 
98 74 109 431 7 0 
80 -34 220 414 4 0 
-81 63 217 446 2 0 
72 -98 128 312 25 0 
-96 72 150 356 2 0 
19 83 212 551 11 0 
-95 32 205 476 12 0 
32 -65 100 457 14 0 
-59 49 276 558 20 0 
-21 -62 108 389 1 0 
-51 -88 86 416 9 0 
24 -77 296 612 22 0 
-83 88 144 402 21 0 
50 -81 256 550 5 0 
-49 11 110 387 5 0 
-64 -42 298 510 24 0 
78 5 210 502 2 0 
49 95 161 346 21 0 
12 -5 189 474 20 0 
-18 68 107 327 7 0 
0 -24 147 392 17 0 
92 -82 234 538 25 0 
92 -12 274 589 24 0 
87 -81 108 453 2 0 
94 -55 73 351 17 0 
-73 62 265 572 11 0 
77 -47 166 348 11 0 
-50 -72 218 420 6 0 
-88 11 63 259 8 0 
-98 -98 103 458 17 0 
-80 14 133 331 18 0 
-40 -34 180 380 21 0 
18 45 119 403 3 0 
-33 -26 64 387 23 0 
-0 24 262 524 5 0 
71 -76 297 485 13 0 
-93 -8 103 388 25 0 
-62 36 166 519 14 0 
33 -24 234 443 16 0 
-97 -51 196 396 11 0 
-77 -69 210 471 16 0 
-66 -92 70 331 24 0 
29 75 287 608 25 0 
-43 98 136 495 2 0 
-13 -77 175 448 6 0 
-29 -73 136 477 2 0 
-59 79 143 402 3 0 
63 81 63 317 20 0 
89 -76 61 418 21 0 
25 -63 226 486 17 0 
87 72 249 559 6 0 
60 -44 257 484 16 0 
-23 91 269 495 16 0 
40 89 94 281 7 0 
-75 -17 61 298 6 0 
73 75 242 542 5 0 
-74 86 259 516 23 0 
-37 -84 234 590 15 0 
19 -7 167 422 15 0 
50 81 91 357 11 0 
-73 -59 231 438 15 0 
-28 -93 203 456 1 0 
-19 57 92 397 22 0 
19 -91 131 431 11 0 
47 -84 69 410 18 0 
-16 69 244 484 4 0 
-18 33 193 402 16 0 
-67 91 214 437 10 0 
28 73 238 435 13 0 
44 -84 80 359 21 0 
8 -9 265 524 14 0 
-60 -13 173 434 6 0 
-23 -46 89 290 1 0 
16 -65 261 560 12 0 
83 -63 234 574 13 0 
-60 -81 244 539 7 0 
-51 -69 116 419 3 0 
-15 -87 264 538 6 0 
97 54 299 649 1 0 
65 -79 137 330 1 0 
-43 74 167 371 19 0 
60 86 166 439 20 0 
-0 -96 223 569 20 0 
37 75 121 352 10 0 
-15 -86 77 371 25 0 
-11 23 290 517 5 0 
-55 -43 278 612 9 0 
-47 32 294 617 4 0 
-69 2 173 422 4 0 
-29 40 234 527 22 0 
-2 93 202 491 17 0 
-43 90 181 493 20 0 
88 11 195 510 20 0 
7 -98 105 370 5 0 
-54 -79 287 611 11 0 
-77 -43 62 312 23 0 
-84 81 258 468 18 0 
-2 -67 102 405 17 0 
50 78 155 495 18 0 
37 98 116 386 20 0 
-95 62 159 470 2 0 
-59 -6 242 433 14 0 
13 91 152 463 13 0 
-18 -60 129 390 18 0 
75 12 68 341 2 0 
-84 -86 223 514 17 0 
-40 -76 177 399 15 0 
97 61 120 343 6 0 
-58 -74 81 364 5 0 
57 84 246 436 14 0 
-76 -98 205 419 11 0 
-19 -16 268 574 15 0 
-56 -91 99 400 7 0 
61 -50 211 423 16 0 
41 -93 178 407 5 0 
0 68 246 426 21 0 
22 -12 270 561 9 0 
-49 -11 286 475 22 0 
82 -12 286 573 11 0 
-44 -24 123 401 23 0 
-23 -82 163 348 14 0 
-96 -68 205 393 22 0 
-0 -52 248 456 24 0 
77 22 208 557 6 0 
-65 0 184 368 10 0 
-53 -43 63 363 13 0 
-15 -57 140 388 5 0 
-51 -70 160 506 18 0 
-98 42 173 364 23 0 
-89 -62 230 551 23 0 
-81 -26 270 482 4 0 
-49 -87 190 547 18 0 
-12 42 156 373 6 0 
85 10 108 413 14 0 
-16 -37 297 531 14 0 
-39 93 178 363 16 0 
-67 -35 166 409 3 0 
28 83 203 389 4 0 
-51 43 127 461 8 0 
19 63 61 253 1 0 
5 32 142 495 7 0 
-67 90 127 312 6 0 
-76 -17 253 507 13 0 
88 28 147 473 22 0 
11 -67 98 435 18 0 
67 -39 148 507 9 0 
74 -17 134 444 2 0 
-94 -31 286 588 8 0 
69 45 268 477 5 0 
-99 90 248 604 10 0 
2 -18 232 438 25 0 
-98 97 172 485 2 0 
-8 35 196 462 12 0 
-70 -56 164 432 25 0 
-8 -70 143 489 23 0 
90 91 137 490 20 0 
-69 40 163 463 19 0 
35 -75 279 613 15 0 
-13 52 231 491 21 0 
-80 -18 222 574 16 0 
-49 62 210 539 11 0 
44 -84 264 539 21 0 
-79 -41 296 627 16 0 
44 -72 207 552 17 0 
-67 -43 203 535 3 0 
87 70 268 501 11 0 
35 -5 135 415 24 0 
78 -87 129 486 24 0 
-69 -91 99 297 4 0 
86 -87 290 520 13 0 
-12 -80 199 417 21 0 
-49 10 234 441 14 0 
4 97 117 455 1 0 
62 74 178 534 10 0 
-37 95 220 551 21 0 
-31 84 147 364 3 0 
75 56 250 455 17 0 
-40 18 189 477 6 0 
77 18 211 460 1 0 
-10 59 126 426 25 0 
98 -65 197 422 21 0 
-52 -11 226 486 8 0 
-21 -95 161 420 23 0 
15 86 224 583 17 0 
19 -72 240 441 22 0 
-30 63 131 426 12 0 
58 -82 190 454 18 0 
-67 16 88 291 15 0 
-31 -79 112 351 5 0 
-86 97 192 396 3 0 
16 -10 188 533 21 0 
-57 81 95 326 15 0 
-78 40 270 574 18 0 
-86 -68 166 448 13 0 
13 16 263 556 21 0 
-91 48 127 403 4 0 
-15 -64 92 375 18 0 
-18 65 150 452 4 0 
-67 1 141 374 23 0 
-85 64 230 432 13 0 
-68 79 118 423 1 0 
43 75 68 294 22 0 
-53 73 87 401 11 0 
34 -35 285 465 17 0 
80 59 162 464 8 0 
-63 63 77 348 8 0 
89 87 173 427 22 0 
-0 96 265 483 7 0 
55 -97 271 599 3 0 
-44 -60 282 512 12 0 
41 -80 168 525 23 0 
-81 25 214 452 9 0 
-89 7 288 549 11 0 
-91 46 231 563 2 0 
-73 -65 68 376 12 0 
-25 -60 286 636 7 0 
-76 -90 241 581 1 0 
65 96 99 349 8 0 
-14 79 159 400 12 0 
30 -11 127 344 22 0 
79 -65 224 414 8 0 
-80 99 71 416 12 0 
-61 56 65 395 8 0 
91 32 211 480 5 0 
-52 -46 62 294 6 0 
13 -77 215 444 7 0 
33 -56 219 498 25 0 
-91 15 139 426 23 0 
3 46 295 552 8 0 
-56 87 246 433 10 0 
69 5 186 479 17 0 
80 -29 109 366 13 0 
22 -8 133 433 6 0 
-98 -5 263 606 24 0 
-92 17 236 533 23 0 
-64 -25 184 532 13 0 
5 53 178 423 4 0 
24 -81 108 290 13 0 
87 35 160 421 8 0 
75 -28 259 469 17 0 
-49 -43 137 323 25 0 
-31 84 231 446 20 0 
20 -14 268 597 4 0 
-89 85 68 343 21 0 
93 17 84 337 3 0 
57 39 215 476 17 0 
-71 -36 116 447 24 0 
-14 89 66 250 15 0 
8 53 201 473 25 0 
-98 -62 222 474 5 0 
-18 -64 143 471 16 0 
-54 -87 134 425 17 0 
-26 -94 284 543 16 0 
41 -70 164 458 25 0 
-8 45 181 483 7 0 
5 -69 214 434 14 0 
16 13 134 400 4 0 
-68 -37 249 475 22 0 
90 -12 189 424 14 0 
82 56 204 437 24 0 
-73 53 178 482 8 0 
86 51 202 431 2 0 
-38 -2 272 464 20 0 
-31 90 182 511 6 0 
-66 92 161 361 5 0 
-61 207 236 453 1 0 
-70 51 153 391 15 0 
-45 -37 162 405 24 0 
0 14 189 520 4 0 
-50 -0 68 287 25 0 
-86 -40 152 408 7 0 
-56 -90 84 295 4 0 
-98 60 95 317 13 0 
16 -25 215 460 3 0 
-76 -6 105 429 5 0 
58 70 269 536 10 0 
-43 94 106 371 25 0 
-80 -67 174 463 13 0 
48 -82 96 326 19 0 
23 22 96 446 25 0 
-25 84 121 378 22 0 
90 23 142 487 17 0 
-49 76 82 369 24 0 
-74 16 269 586 12 0 
9 -64 70 415 7 0 
-39 17 217 458 9 0 
-0 21 164 405 22 0 
55 -50 196 446 13 0 
54 -37 231 555 17 0 
-73 29 224 548 24 0 
35 -82 139 366 15 0 
58 36 273 507 13 0 
-97 -67 66 255 14 0 
82 11 205 438 1 0 
27 -71 69 423 22 0 
-68 26 174 526 14 0 
-1 26 90 279 6 0 
18 -52 244 540 23 0 
-17 83 178 436 6 0 
78 30 84 334 14 0 
-81 79 158 466 13 0 
-81 74 149 490 25 0 
-47 -83 296 476 25 0 
-2 -72 262 495 13 0 
-16 99 248 600 9 0 
-49 -42 181 444 22 0 
77 -90 178 516 24 0 
-37 -84 106 380 24 0 
74 -48 202 504 1 0 
16 -18 220 505 25 0 
73 -39 162 375 6 0 
-21 84 132 392 16 0 
-11 -18 175 383 10 0 
-16 43 74 265 19 0 
-83 -56 278 557 17 0 
67 4 271 499 3 0 
-29 -85 151 416 13 0 
-57 -88 300 493 7 0 
-88 4 237 448 21 0 
49 1 262 556 2 0 
1 -23 103 365 22 0 
19 -31 214 484 9 0 
-81 67 127 462 2 0 
57 10 289 553 14 0 
-61 6 212 498 14 0 
0 -36 110 449 23 0 
-61 38 195 422 3 0 
-38 -90 296 564 8 0 
-98 -91 169 349 20 0 
17 -11 142 332 15 0 
87 8 245 436 8 0 
-82 -57 276 512 5 0 
43 -44 180 432 21 0 
-85 -22 238 554 25 0 
-99 -33 145 346 7 0 
-3 52 81 292 7 0 
-31 61 256 580 12 0 
-69 84 267 572 19 0 
2 -20 105 297 20 0 
97 14 205 536 7 0 
-13 -90 230 541 13 0 
60 -70 287 559 17 0 
51 -9 183 528 9 0 
83 63 64 284 25 0 
50 -50 249 467 9 0 
67 73 235 455 17 0 
29 -18 205 509 1 0 
-56 48 155 425 5 0 
-73 -23 67 338 3 0 
49 -59 281 575 8 0 
37 99 196 385 11 0 
55 89 189 467 17 0 
-37 52 105 287 12 0 
-41 80 249 601 24 0 
-67 -47 292 559 4 0 
-71 64 232 502 6 0 
30 16 250 455 7 0 
5 -36 128 313 13 0 
-19 -94 265 452 24 0 
94 37 239 544 2 0 
-59 -51 259 481 9 0 
83 -37 135 324 4 0 
-31 76 269 483 20 0 
-21 -62 208 528 24 0 
-38 79 92 439 13 0 
-65 -2 191 385 10 0 
-42 -93 229 459 12 0 
-45 64 82 431 19 0 
39 -92 254 501 19 0 
-16 -25 86 331 18 0 
-88 99 160 372 13 0 
44 -83 132 356 14 0 
11 29 111 383 18 0 
-87 -31 286 642 19 0 
-23 -49 103 288 12 0 
44 15 79 275 8 0 
77 56 297 644 19 0 
-99 69 181 447 21 0 
70 -10 97 374 9 0 
-10 -8 206 410 2 0 
5 4 108 434 4 0 
-82 41 259 439 12 0 
-27 -79 266 494 6 0 
70 27 234 453 9 0 
-37 -28 203 545 9 0 
68 66 77 317 15 0 
-77 71 273 520 7 0 
71 71 259 456 18 0 
-19 39 146 490 23 0 
-92 -64 84 358 24 0 
22 -97 123 392 25 0 
-96 8 219 532 16 0 
17 -69 196 551 9 0 
-57 39 165 503 3 0 
-43 -70 106 353 10 0 
76 -94 91 450 21 0 
-63 -32 275 497 2 0 
-27 30 297 560 3 0 
-99 -10 161 505 9 0 
-96 -90 164 514 8 0 
75 33 125 417 14 0 
-97 -68 210 503 6 0 
78 95 233 565 2 0 
64 75 154 425 16 0 
-97 40 253 483 16 0 
-41 75 225 484 19 0 
-93 11 297 640 17 0 
56 -95 192 544 21 0 
16 -25 162 435 25 0 
-42 76 145 480 7 0 
-44 78 241 504 12 0 
-70 -50 88 320 20 0 
43 6 100 310 14 0 
55 -58 195 410 19 0 
20 34 240 455 23 0 
-80 -94 226 445 6 0 
-72 99 138 334 9 0 
88 15 113 384 13 0 
-48 -54 257 593 15 0 
-99 18 202 425 8 0 
28 -88 237 476 25 0 
98 -83 119 305 18 0 
-92 -55 257 588 2 0 
-1 36 241 525 14 0 
68 33 270 507 5 0 
-59 76 82 366 22 0 
-76 59 63 359 7 0 
-80 18 158 407 17 0 
30 -61 71 271 5 0 
88 96 288 566 10 0 
7 81 111 373 16 0 
-90 -67 154 357 20 0 
-4 57 74 304 18 0 
-89 97 91 446 2 0 
23 8 275 497 24 0 
90 44 73 314 17 0 
53 -15 158 394 5 0 
-94 -37 191 445 18 0 
83 0 234 535 5 0 
-69 28 238 533 13 0 
-25 -82 218 470 24 0 
81 92 280 517 20 0 
-60 57 116 296 24 0 
-7 97 184 496 6 0 
-13 -57 104 351 4 0 
-34 -48 92 372 10 0 
52 47 230 434 17 0 
-38 3 269 534 14 0 
-83 -97 188 410 3 0 
76 -87 288 582 24 0 
71 -23 90 288 12 0 
-18 67 90 327 25 0 
-45 82 118 379 24 0 
45 -13 91 405 15 0 
-16 -91 166 508 15 0 
79 -48 242 570 23 0 
-22 -80 233 576 18 0 
48 -77 259 526 2 0 
66 44 126 382 13 0 
-84 -79 144 503 23 0 
-52 42 291 495 9 0 
91 8 252 457 16 0 
-70 44 210 493 16 0 
-38 70 75 278 2 0 
78 77 239 523 16 0 
-17 -94 65 271 15 0 
3 31 217 524 16 0 
16 -55 230 417 15 0 
25 -84 232 457 18 0 
-82 -57 67 343 12 0 
-27 61 109 444 5 0 
-86 80 100 293 21 0 
-34 20 79 349 16 0 
95 -61 179 524 24 0 
-85 79 109 352 22 0 
13 -27 114 355 14 0 
-96 35 237 423 14 0 
-62 45 266 451 15 0 
92 -37 141 481 21 0 
-69 32 224 556 12 0 
43 78 183 428 22 0 
-78 -97 64 294 12 0 
63 -28 171 361 4 0 
-50 -7 252 569 6 0 
67 -4 112 381 19 0 
87 68 111 360 2 0 
77 37 114 463 8 0 
-30 -37 93 335 20 0 
-32 -57 85 287 16 0 
-88 67 110 336 17 0 
-70 81 134 464 5 0 
78 73 193 528 25 0 
-84 -80 268 511 22 0 
-36 -23 74 401 22 0 
-3 96 126 464 14 0 
-27 27 126 456 17 0 
22 11 169 482 9 0 
-40 83 134 468 3 0 
93 -75 202 558 17 0 
-70 -69 144 471 8 0 
-76 78 95 361 9 0 
-70 -96 284 503 23 0 
-17 95 266 465 7 0 
-89 6 205 555 16 0 
92 27 127 344 1 0 
53 -12 141 444 5 0 
-97 -41 98 413 16 0 
-49 -55 88 273 4 0 
-11 -83 214 437 11 0 
-82 -83 224 509 5 0 
-26 57 104 373 18 0 
-49 93 115 356 12 0 
-54 55 256 611 2 0 
53 -63 218 569 14 0 
51 90 172 390 15 0 
-83 84 129 439 3 0 
-80 3 244 561 20 0 
-91 14 278 550 14 0 
-55 18 189 437 7 0 
73 91 240 514 22 0 
72 56 226 443 16 0 
-45 42 272 528 7 0 
30 -85 141 342 3 0 
65 87 208 423 15 0 
26 -78 191 495 10 0 
-22 42 270 498 4 0 
84 -60 76 406 18 0 
50 93 198 497 8 0 
67 -41 83 398 24 0 
-10 -81 116 369 9 0 
88 4 66 276 6 0 
95 84 227 428 16 0 
-15 70 265 521 16 0 
-72 -63 205 445 6 0 
-7 63 285 487 23 0 
38 -76 171 497 19 0 
-7 -17 140 482 8 0 
46 58 278 592 16 0 
15 -24 263 487 15 0 
89 15 220 548 10 0 
8 6 96 433 20 0 
-87 89 173 416 4 0 
-60 48 179 405 17 0 
-87 95 139 494 21 0 
44 -15 192 528 16 0 
47 60 134 329 3 0 
40 -28 117 331 7 0 
-25 57 129 334 8 0 
-19 -88 107 287 5 0 
8 21 214 518 18 0 
-4 -57 99 325 5 0 
-98 -26 220 573 14 0 
-27 12 119 478 22 0 
-30 -58 163 368 12 0 
8 -91 141 369 18 0 
65 -5 289 498 16 0 
54 -96 246 596 16 0 
-97 58 98 368 22 0 
97 81 76 426 2 0 
99 -85 78 316 13 0 
-92 -39 188 447 4 0 
-80 99 181 541 11 0 
-4 89 266 616 22 0 
96 -32 83 285 16 0 
89 60 144 433 20 0 
-21 34 113 431 17 0 
-92 42 239 487 2 0 
26 -63 95 379 2 0 
40 99 73 336 11 0 
4 -64 146 500 23 0 
63 -96 152 432 13 0 
98 25 258 534 1 0 
-56 29 81 396 18 0 
56 57 296 593 7 0 
45 -99 184 373 10 0 
-60 -51 206 548 5 0 
-80 -63 254 610 8 0 
-98 -32 247 518 9 0 
7 68 297 491 25 0 
18 60 202 397 15 0 
-86 49 285 487 13 0 
23 90 224 567 14 0 
4 -5 168 395 14 0 
-61 -46 293 481 6 0 
-94 93 265 447 6 0 
-83 49 109 416 10 0 
-17 75 108 322 17 0 
-36 7 284 527 1 0 
-46 15 223 433 22 0 
-6 -91 197 510 24 0 
-51 -15 225 422 5 0 
-6 -49 156 403 3 0 
-89 -96 193 493 7 0 
19 -7 272 526 17 0 
-2 24 243 553 3 0 
-11 -9 146 334 3 0 
-74 1 137 480 20 0 
-21 -28 261 493 19 0 
-73 94 114 322 17 0 
95 0 113 437 9 0 
62 -60 88 351 6 0 
-51 99 299 598 15 0 
-44 93 298 602 6 0 
47 -11 286 548 13 0 
-64 29 147 350 24 0 
-23 3 85 311 13 0 
-62 -45 260 563 5 0 
46 -66 274 511 17 0 
84 38 162 468 13 0 
12 62 102 398 22 0 
-50 -50 163 437 17 0 
-28 -75 110 365 7 0 
-72 -83 161 485 12 0 
-83 61 168 379 20 0 
-11 77 282 467 1 0 
-92 37 285 517 19 0 
-36 -96 184 469 18 0 
-15 88 289 551 19 0 
-48 75 61 374 14 0 
0 -25 78 307 25 0 
-25 71 200 463 15 0 
11 -83 80 277 10 0 
25 64 67 370 2 0 
-33 -28 155 430 10 0 
33 83 245 517 25 0 
-59 -88 103 416 14 0 
90 -92 244 490 25 0 
43 81 226 454 10 0 
52 -92 75 375 14 0 
19 57 168 440 8 0 
-53 69 194 538 16 0 
-88 -96 224 412 17 0 
45 86 252 470 1 0 
87 37 60 295 15 0 
-23 -90 222 538 23 0 
-72 52 136 368 2 0 
-27 88 88 411 8 0 
93 -99 191 509 16 0 
-49 -8 200 419 20 0 
-47 58 218 518 17 0 
-99 86 183 396 12 0 
81 -36 221 505 1 0 
54 23 159 489 18 0 
-94 89 73 402 4 0 
94 1 140 322 6 0 
-67 -38 295 638 10 0 
88 -76 124 400 8 0 
62 -73 169 524 3 0 
-36 62 90 286 14 0 
20 -61 283 490 1 0 
95 -26 206 513 3 0 
12 70 117 445 25 0 
-18 72 265 460 9 0 
-84 -79 125 373 11 0 
-48 -88 89 288 9 0 
-16 66 282 608 2 0 
-24 47 284 622 4 0 
-91 76 81 271 18 0 
-27 -65 265 606 15 0 
53 -62 86 331 14 0 
34 76 267 611 3 0 
-38 -80 78 357 20 0 
95 18 82 410 22 0 
-35 -51 185 406 23 0 
-48 35 295 530 3 0 
-60 -68 295 598 10 0 
-36 -70 293 627 16 0 
-85 -89 251 492 13 0 
-76 -3 244 424 18 0 
27 -30 260 535 14 0 
-28 -31 135 442 14 0 
81 18 245 440 11 0 
-13 -85 169 355 17 0 
-41 -96 109 382 22 0 
51 -29 243 522 7 0 
-33 -93 140 356 15 0 
9 90 196 489 10 0 
-71 56 235 523 25 0 
84 -31 139 337 1 0 
-44 -9 133 347 15 0 
-2 -75 288 564 17 0 
40 -93 294 510 19 0 
-89 61 65 385 18 0 
-86 47 137 447 15 0 
-10 -39 64 265 16 0 
-41 78 260 568 18 0 
43 -60 129 485 13 0 
39 -54 200 437 23 0 
21 -79 211 409 14 0 
-33 -37 246 540 2 0 
85 -23 186 535 14 0 
-8 89 71 337 23 0 
-32 -53 281 534 23 0 
-8 90 297 592 21 0 
7 72 193 375 16 0 
37 -82 91 326 5 0 
55 -25 249 559 22 0 
-84 18 178 499 9 0 
-81 -77 260 580 22 0 
48 60 229 582 4 0 
-56 -65 215 462 23 0 
-46 67 169 406 14 0 
-72 -70 171 414 13 0 
-90 -7 89 299 13 0 
-73 79 298 538 8 0 
67 85 152 477 14 0 
-68 -68 290 593 1 0 
-99 -66 290 512 19 0 
-84 -62 114 445 22 0 
-54 -82 285 557 21 0 
-68 97 192 480 4 0 
27 -32 281 623 18 0 
-63 -96 256 549 7 0 
98 -42 228 506 13 0 
-14 -38 132 394 1 0 
-87 68 300 637 4 0 
-27 -39 66 257 20 0 
93 -59 140 468 13 0 
62 -3 200 400 17 0 
-33 67 67 280 5 0 
77 34 151 462 4 0 
-1 82 245 490 24 0 
-24 68 131 311 20 0 
92 -59 289 602 2 0 
80 -44 66 414 21 0 
-35 38 88 314 21 0 
68 24 253 549 6 0 
86 -93 129 326 23 0 
-12 -78 154 409 5 0 
-77 -60 150 466 3 0 
-77 47 214 444 23 0 
-70 -55 151 484 19 0 
-98 -45 300 594 22 0 
48 -91 84 281 6 0 
-40 87 163 417 20 0 
84 -53 251 487 6 0 
86 -73 113 377 2 0 
-90 50 199 517 2 0 
-87 -34 100 426 11 0 
-81 -97 260 588 17 0 
27 -34 269 474 14 0 
86 54 80 322 13 0 
-71 -6 126 472 21 0 
-50 51 163 360 21 0 
-98 -86 266 484 10 0 
-37 8 180 371 5 0 
76 82 134 371 21 0 
89 -67 127 417 21 0 
12 -77 212 470 2 0 
32 79 99 334 24 0 
-85 -74 237 544 22 0 
-2 30 97 367 11 0 
-17 -19 82 304 1 0 
3 98 202 470 18 0 
-87 11 153 350 10 0 
45 -75 214 447 12 0 
71 5 131 347 10 0 
-31 58 248 578 8 0 
65 99 77 347 24 0 
-56 -13 272 632 6 0 
-1 92 201 476 3 0 
-29 -42 272 546 4 0 
0 36 207 566 25 0 
80 -60 265 591 9 0 
-55 26 219 572 22 0 
72 -52 273 553 22 0 
-42 78 164 412 21 0 
38 -18 237 464 17 0 
85 19 66 325 6 0 
2 22 218 442 17 0 
-64 -8 299 515 9 0 
21 4 162 464 13 0 
-13 64 252 522 1 0 
-37 -73 185 512 8 0 
-31 -93 129 434 3 0 
-97 -65 101 345 2 0 
85 52 188 515 25 0 
87 -55 288 614 18 0 
7 -83 275 542 17 0 
-81 81 167 407 10 0 
63 -64 62 328 4 0 
67 -33 266 532 19 0 
81 96 244 589 3 0 
-52 36 117 448 4 0 
87 -44 117 364 24 0 
62 -81 91 440 18 0 
90 -71 179 390 16 0 
74 -63 76 345 9 0 
-73 29 100 406 9 0 
-72 -66 119 354 9 0 
-56 -12 189 448 23 0 
-75 -62 147 504 19 0 
53 -10 128 351 25 0 
-33 -34 105 368 16 0 
-15 -74 297 615 22 0 
-21 60 160 447 7 0 
86 -10 166 455 15 0 
42 69 217 400 20 0 
73 -5 284 642 24 0 
-29 57 274 547 17 0 
-69 -46 297 633 12 0 
-57 -71 138 492 10 0 
-88 -61 61 287 5 0 
38 70 228 499 24 0 
75 92 126 312 20 0 
21 -29 186 471 5 0 
-85 97 232 582 5 0 
94 8 110 374 8 0 
33 55 287 539 23 0 
51 -31 262 471 13 0 
80 -60 161 436 10 0 
-23 75 259 605 4 0 
11 99 180 467 8 0 
-26 -31 214 551 6 0 
-3 -85 297 551 7 0 
-43 -19 256 602 21 0 
55 -94 190 523 21 0 
-48 -63 120 439 20 0 
96 -7 190 424 1 0 
49 -72 183 471 1 0 
-7 85 143 493 3 0 
-26 -99 121 341 2 0 
86 -52 151 504 17 0 
-51 3 60 319 2 0 
82 -56 215 451 19 0 
1 43 232 576 6 0 
28 -95 119 364 22 0 
72 -69 273 487 9 0 
-31 -32 69 345 22 0 
-6 -65 148 366 16 0 
77 -60 105 286 6 0 
98 -37 250 500 11 0 
-87 -21 298 607 2 0 
72 -79 268 562 14 0 
-65 -45 275 455 14 0 
82 -44 191 374 9 0 
78 -44 280 617 1 0 
82 -19 177 457 8 0 
97 87 88 435 13 0 
-97 58 236 430 2 0 
57 53 230 469 5 0 
-31 56 102 396 5 0 
68 38 154 504 13 0 
82 83 77 403 12 0 
-62 18 97 286 16 0 
80 -72 245 523 6 0 
72 -23 164 475 15 0 
-97 -0 270 514 12 0 
88 -31 148 448 22 0 
-96 -64 190 456 5 0 
-77 76 274 520 12 0 
0 -91 158 494 25 0 
-49 -76 235 525 1 0 
44 20 194 525 19 0 
-41 -43 110 374 3 0 
41 -85 134 487 18 0 
-13 40 265 558 21 0 
98 83 144 467 18 0 
84 39 113 406 23 0 
61 19 230 434 17 0 
-85 41 128 348 3 0 
-50 -74 252 446 4 0 
-84 66 217 429 17 0 
-54 -24 276 607 2 0 
30 58 97 429 8 0 
-75 53 146 444 12 0 
-48 -48 181 472 20 0 
-26 98 160 379 1 0 
-35 66 192 542 16 0 
-45 85 84 278 8 0 
-4 44 251 578 16 0 
86 29 93 319 2 0 
-69 -36 100 454 13 0 
-7 -84 123 439 9 0 
-50 52 119 474 21 0 
60 -86 221 449 21 0 
-93 -31 275 512 10 0 
22 -53 199 552 8 0 
-0 39 203 537 20 0 
-47 -45 234 517 17 0 
49 -14 67 288 5 0 
72 85 86 285 17 0 
49 81 292 609 2 0 
64 -64 169 368 2 0 
89 -56 274 497 6 0 
32 40 202 483 9 0 
-60 -44 139 490 16 0 
-33 -69 180 536 21 0 
41 -7 140 433 14 0 
58 -75 215 522 10 0 
93 -1 145 500 12 0 
50 -86 85 308 21 0 
83 38 159 515 12 0 
-41 -16 175 504 20 0 
-47 90 244 448 16 0 
85 -23 231 508 22 0 
-2 -79 137 330 23 0 
9 65 95 392 4 0 
57 72 179 484 11 0 
-42 -59 227 417 1 0 
-26 65 154 433 5 0 
54 -83 194 458 19 0 
-24 96 131 450 10 0 
26 -95 225 437 19 0 
-93 35 198 494 15 0 
-54 96 188 533 21 0 
96 -20 179 528 24 0 
-51 -16 71 260 19 0 
-76 34 240 557 19 0 
79 -58 255 613 6 0 
42 -22 176 358 19 0 
77 55 294 620 25 0 
-52 -24 236 560 4 0 
-35 50 159 421 7 0 
98 87 168 350 22 0 
59 74 273 512 5 0 
-64 23 144 425 21 0 
73 -12 220 499 13 0 
2 -96 262 600 19 0 
6 -95 148 477 24 0 
5 97 241 499 18 0 
86 57 238 425 4 0 
-49 -54 189 412 10 0 
60 88 293 596 1 0 
69 47 137 321 19 0 
35 -23 66 381 12 0 
-42 54 179 434 20 0 
73 -34 62 392 3 0 
-31 75 281 497 5 0 
44 -25 0 
-32 14 0 
37 13 0 
-15 12 0 
32 24 0 
10 -42 0 
37 1 0 
-33 -14 0 
-8 -4 0 
-25 19 0 
23 39 0 
41 45 0 
0 0 0 
96 170 0